 maxIter=30:
=================
>> clear
>> stackedAEExercise
 Iteration   FunEvals     Step Length    Function Val        Opt Cond
         1          5     3.20925e-02     1.14172e+02     9.21920e+03
         2          6     1.00000e+00     9.19765e+01     4.61647e+03
         3          7     1.00000e+00     8.34875e+01     2.12060e+03
         4          8     1.00000e+00     7.87519e+01     1.98655e+03
         5          9     1.00000e+00     7.05091e+01     2.60824e+03
         6         10     1.00000e+00     5.39670e+01     2.75405e+03
         7         11     1.00000e+00     3.40477e+01     5.51108e+02
         8         12     1.00000e+00     3.23951e+01     7.87562e+02
         9         13     1.00000e+00     3.13287e+01     6.08588e+02
        10         14     1.00000e+00     3.03453e+01     3.55929e+02
        11         15     1.00000e+00     2.97961e+01     2.07076e+02
        12         16     1.00000e+00     2.96138e+01     2.47157e+02
        13         17     1.00000e+00     2.95197e+01     1.63830e+02
        14         18     1.00000e+00     2.93536e+01     2.08904e+02
        15         19     1.00000e+00     2.91415e+01     3.27313e+02
        16         20     1.00000e+00     2.86598e+01     4.70701e+02
        17         21     1.00000e+00     2.82248e+01     4.45110e+02
        18         23     4.06441e-01     2.80258e+01     3.87509e+02
        19         24     1.00000e+00     2.77634e+01     1.93002e+02
        20         25     1.00000e+00     2.75871e+01     2.81452e+02
        21         26     1.00000e+00     2.73916e+01     3.69836e+02
        22         27     1.00000e+00     2.68076e+01     4.73314e+02
        23         28     1.00000e+00     2.63370e+01     6.25724e+02
        24         29     1.00000e+00     2.54148e+01     3.55772e+02
        25         30     1.00000e+00     2.49276e+01     2.14771e+02
        26         31     1.00000e+00     2.46298e+01     2.48465e+02
        27         32     1.00000e+00     2.43604e+01     2.78596e+02
        28         33     1.00000e+00     2.38394e+01     3.12692e+02
        29         34     1.00000e+00     2.30623e+01     4.08541e+02
        30         35     1.00000e+00     2.22658e+01     3.21615e+02
Exceeded Maximum Number of Iterations
 Iteration   FunEvals     Step Length    Function Val        Opt Cond
         1          5     1.37206e-01     1.25435e+02     4.42957e+03
         2          6     1.00000e+00     2.79808e+01     1.37705e+03
         3          7     1.00000e+00     1.44633e+01     6.61159e+02
         4          8     1.00000e+00     8.88598e+00     2.40739e+02
         5          9     1.00000e+00     6.58064e+00     1.50452e+02
         6         10     1.00000e+00     4.92804e+00     6.90512e+01
         7         11     1.00000e+00     4.28942e+00     3.64238e+01
         8         13     3.02713e-01     4.15770e+00     3.98435e+01
         9         14     1.00000e+00     3.99707e+00     1.94350e+01
        10         15     1.00000e+00     3.93374e+00     1.81274e+01
        11         16     1.00000e+00     3.90445e+00     3.95851e+01
        12         17     1.00000e+00     3.82964e+00     2.43821e+01
        13         18     1.00000e+00     3.71870e+00     2.82179e+01
        14         19     1.00000e+00     3.52755e+00     4.57872e+01
        15         20     1.00000e+00     3.21817e+00     4.65909e+01
        16         22     2.12037e-01     3.17034e+00     5.44414e+01
        17         23     1.00000e+00     3.05332e+00     2.71126e+01
        18         24     1.00000e+00     3.02210e+00     1.58565e+01
        19         25     1.00000e+00     3.00510e+00     1.90596e+01
        20         26     1.00000e+00     2.95898e+00     2.38820e+01
        21         27     1.00000e+00     2.90869e+00     2.59825e+01
        22         29     5.47960e-01     2.87074e+00     2.51234e+01
        23         30     1.00000e+00     2.82203e+00     1.54366e+01
        24         31     1.00000e+00     2.79043e+00     1.96415e+01
        25         32     1.00000e+00     2.73443e+00     2.67158e+01
        26         33     1.00000e+00     2.65656e+00     2.95565e+01
        27         34     1.00000e+00     2.59155e+00     2.92863e+01
        28         35     1.00000e+00     2.54729e+00     2.90876e+01
        29         36     1.00000e+00     2.49900e+00     2.11480e+01
        30         37     1.00000e+00     2.46134e+00     2.69067e+01
Exceeded Maximum Number of Iterations
 Iteration   FunEvals     Step Length    Function Val        Opt Cond
         1          3     1.23464e+00     2.21330e+00     7.01536e+00
         2          4     1.00000e+00     1.80838e+00     6.92246e+00
         3          5     1.00000e+00     1.53577e+00     3.27832e+00
         4          6     1.00000e+00     1.38265e+00     2.00349e+00
         5          7     1.00000e+00     1.29068e+00     3.74964e+00
         6          8     1.00000e+00     1.23422e+00     1.70108e+00
         7          9     1.00000e+00     1.21450e+00     1.23359e+00
         8         10     1.00000e+00     1.19642e+00     1.55537e+00
         9         11     1.00000e+00     1.17965e+00     1.82553e+00
        10         12     1.00000e+00     1.16116e+00     1.01981e+00
        11         13     1.00000e+00     1.13559e+00     1.53249e+00
        12         14     1.00000e+00     1.12188e+00     1.79052e+00
        13         15     1.00000e+00     1.10876e+00     2.02200e+00
        14         16     1.00000e+00     1.08537e+00     1.15658e+00
        15         17     1.00000e+00     1.05909e+00     1.30852e+00
        16         18     1.00000e+00     1.04405e+00     1.13963e+00
        17         19     1.00000e+00     1.02977e+00     1.13236e+00
        18         20     1.00000e+00     1.02190e+00     1.14804e+00
        19         21     1.00000e+00     1.01489e+00     8.96821e-01
        20         22     1.00000e+00     9.98382e-01     7.71063e-01
        21         23     1.00000e+00     9.91887e-01     6.86299e-01
        22         24     1.00000e+00     9.81381e-01     5.03106e-01
        23         25     1.00000e+00     9.75019e-01     4.41714e-01
        24         26     1.00000e+00     9.66765e-01     4.85769e-01
        25         27     1.00000e+00     9.63207e-01     7.68150e-01
        26         28     1.00000e+00     9.59019e-01     3.74835e-01
        27         29     1.00000e+00     9.55173e-01     3.75325e-01
        28         30     1.00000e+00     9.52551e-01     4.26767e-01
        29         31     1.00000e+00     9.47979e-01     4.16905e-01
        30         32     1.00000e+00     9.44828e-01     2.56599e-01
        31         33     1.00000e+00     9.42910e-01     2.22119e-01
        32         34     1.00000e+00     9.41086e-01     1.89899e-01
        33         35     1.00000e+00     9.39158e-01     1.14366e-01
        34         36     1.00000e+00     9.36834e-01     1.80884e-01
        35         37     1.00000e+00     9.35410e-01     1.94551e-01
        36         38     1.00000e+00     9.32146e-01     1.98146e-01
        37         39     1.00000e+00     9.30840e-01     1.56459e-01
        38         40     1.00000e+00     9.30343e-01     7.17141e-02
        39         41     1.00000e+00     9.30060e-01     5.71264e-02
        40         42     1.00000e+00     9.29740e-01     6.96210e-02
        41         43     1.00000e+00     9.29280e-01     6.51686e-02
        42         44     1.00000e+00     9.29086e-01     1.40011e-01
        43         45     1.00000e+00     9.28830e-01     5.36066e-02
        44         46     1.00000e+00     9.28686e-01     4.53051e-02
        45         47     1.00000e+00     9.28537e-01     6.27855e-02
        46         48     1.00000e+00     9.28318e-01     6.06034e-02
        47         49     1.00000e+00     9.28058e-01     5.06075e-02
        48         50     1.00000e+00     9.27962e-01     5.10982e-02
        49         51     1.00000e+00     9.27917e-01     2.33874e-02
        50         52     1.00000e+00     9.27893e-01     2.07527e-02
        51         53     1.00000e+00     9.27874e-01     1.79778e-02
        52         54     1.00000e+00     9.27831e-01     1.41989e-02
        53         55     1.00000e+00     9.27800e-01     1.57386e-02
        54         56     1.00000e+00     9.27778e-01     2.62547e-02
        55         57     1.00000e+00     9.27768e-01     1.22788e-02
        56         58     1.00000e+00     9.27762e-01     7.47957e-03
        57         59     1.00000e+00     9.27759e-01     7.18423e-03
        58         60     1.00000e+00     9.27754e-01     7.64285e-03
        59         61     1.00000e+00     9.27749e-01     7.28234e-03
        60         62     1.00000e+00     9.27742e-01     5.77091e-03
        61         63     1.00000e+00     9.27738e-01     3.64147e-03
        62         64     1.00000e+00     9.27735e-01     4.32185e-03
        63         65     1.00000e+00     9.27734e-01     2.69604e-03
        64         66     1.00000e+00     9.27733e-01     2.30997e-03
        65         67     1.00000e+00     9.27732e-01     2.06281e-03
        66         68     1.00000e+00     9.27731e-01     2.14714e-03
        67         69     1.00000e+00     9.27731e-01     1.45839e-03
        68         70     1.00000e+00     9.27731e-01     1.37463e-03
        69         71     1.00000e+00     9.27731e-01     1.08284e-03
        70         72     1.00000e+00     9.27730e-01     5.98346e-04
        71         73     1.00000e+00     9.27730e-01     6.23022e-04
        72         74     1.00000e+00     9.27730e-01     5.14155e-04
        73         75     1.00000e+00     9.27730e-01     3.75410e-04
        74         76     1.00000e+00     9.27730e-01     2.98839e-04
        75         77     1.00000e+00     9.27730e-01     2.93598e-04
        76         78     1.00000e+00     9.27730e-01     2.47469e-04
        77         79     1.00000e+00     9.27730e-01     2.29698e-04
        78         80     1.00000e+00     9.27730e-01     1.46526e-04
        79         81     1.00000e+00     9.27730e-01     1.46022e-04
        80         82     1.00000e+00     9.27730e-01     1.17261e-04
        81         83     1.00000e+00     9.27730e-01     8.28269e-05
        82         84     1.00000e+00     9.27730e-01     6.88171e-05
Directional Derivative below TolX
 Iteration   FunEvals     Step Length    Function Val        Opt Cond
         1          4     3.84772e+00     9.04793e-01     2.08593e+01
         2          5     1.00000e+00     8.37846e-01     2.62394e+01
         3          6     1.00000e+00     7.87936e-01     1.58404e+01
         4          7     1.00000e+00     7.57170e-01     1.27540e+01
         5          8     1.00000e+00     7.34603e-01     9.54439e+00
         6         10     3.43755e-01     7.20308e-01     9.28841e+00
         7         11     1.00000e+00     7.04160e-01     8.28684e+00
         8         12     1.00000e+00     6.90843e-01     8.40119e+00
         9         13     1.00000e+00     6.74356e-01     1.26639e+01
        10         15     1.80852e-01     6.71153e-01     1.19963e+01
        11         16     1.00000e+00     6.51975e-01     9.52641e+00
        12         17     1.00000e+00     6.22158e-01     8.11176e+00
        13         18     1.00000e+00     5.86261e-01     9.71301e+00
        14         19     1.00000e+00     5.64956e-01     1.28331e+01
        15         20     1.00000e+00     5.40328e-01     9.38809e+00
        16         21     1.00000e+00     5.15092e-01     1.12354e+01
        17         22     1.00000e+00     5.01100e-01     7.88775e+00
        18         23     1.00000e+00     4.92735e-01     8.79176e+00
        19         24     1.00000e+00     4.85552e-01     1.30601e+01
        20         25     1.00000e+00     4.72667e-01     1.35274e+01
        21         26     1.00000e+00     4.52844e-01     9.10608e+00
        22         27     1.00000e+00     4.38754e-01     7.15990e+00
        23         28     1.00000e+00     4.31561e-01     7.74244e+00
        24         29     1.00000e+00     4.20215e-01     5.81508e+00
        25         30     1.00000e+00     4.12182e-01     5.34392e+00
        26         31     1.00000e+00     4.07514e-01     7.92841e+00
        27         32     1.00000e+00     4.04303e-01     8.21375e+00
        28         33     1.00000e+00     4.00700e-01     7.91763e+00
        29         34     1.00000e+00     3.92653e-01     7.37706e+00
        30         35     1.00000e+00     3.80237e-01     4.77376e+00
Exceeded Maximum Number of Iterations
Before Finetuning Test Accuracy: 73.450%
After Finetuning Test Accuracy: 93.620%
>> 



SAE, maxIter=100
======================


>> clear
>> stackedAEExercise
 Iteration   FunEvals     Step Length    Function Val        Opt Cond
         1          5     3.20925e-02     1.14172e+02     9.21920e+03
         2          6     1.00000e+00     9.19765e+01     4.61647e+03
         3          7     1.00000e+00     8.34875e+01     2.12060e+03
         4          8     1.00000e+00     7.87519e+01     1.98655e+03
         5          9     1.00000e+00     7.05091e+01     2.60824e+03
         6         10     1.00000e+00     5.39670e+01     2.75405e+03
         7         11     1.00000e+00     3.40477e+01     5.51108e+02
         8         12     1.00000e+00     3.23951e+01     7.87562e+02
         9         13     1.00000e+00     3.13287e+01     6.08588e+02
        10         14     1.00000e+00     3.03453e+01     3.55929e+02
        11         15     1.00000e+00     2.97961e+01     2.07076e+02
        12         16     1.00000e+00     2.96138e+01     2.47157e+02
        13         17     1.00000e+00     2.95197e+01     1.63830e+02
        14         18     1.00000e+00     2.93536e+01     2.08904e+02
        15         19     1.00000e+00     2.91415e+01     3.27313e+02
        16         20     1.00000e+00     2.86598e+01     4.70701e+02
        17         21     1.00000e+00     2.82248e+01     4.45110e+02
        18         23     4.06441e-01     2.80258e+01     3.87509e+02
        19         24     1.00000e+00     2.77634e+01     1.93002e+02
        20         25     1.00000e+00     2.75871e+01     2.81452e+02
        21         26     1.00000e+00     2.73916e+01     3.69836e+02
        22         27     1.00000e+00     2.68076e+01     4.73314e+02
        23         28     1.00000e+00     2.63370e+01     6.25724e+02
        24         29     1.00000e+00     2.54148e+01     3.55772e+02
        25         30     1.00000e+00     2.49276e+01     2.14771e+02
        26         31     1.00000e+00     2.46298e+01     2.48465e+02
        27         32     1.00000e+00     2.43604e+01     2.78596e+02
        28         33     1.00000e+00     2.38394e+01     3.12692e+02
        29         34     1.00000e+00     2.30623e+01     4.08541e+02
        30         35     1.00000e+00     2.22658e+01     3.21615e+02
Exceeded Maximum Number of Iterations
 Iteration   FunEvals     Step Length    Function Val        Opt Cond
         1          5     1.37206e-01     1.25435e+02     4.42957e+03
         2          6     1.00000e+00     2.79808e+01     1.37705e+03
         3          7     1.00000e+00     1.44633e+01     6.61159e+02
         4          8     1.00000e+00     8.88598e+00     2.40739e+02
         5          9     1.00000e+00     6.58064e+00     1.50452e+02
         6         10     1.00000e+00     4.92804e+00     6.90512e+01
         7         11     1.00000e+00     4.28942e+00     3.64238e+01
         8         13     3.02713e-01     4.15770e+00     3.98435e+01
         9         14     1.00000e+00     3.99707e+00     1.94350e+01
        10         15     1.00000e+00     3.93374e+00     1.81274e+01
        11         16     1.00000e+00     3.90445e+00     3.95851e+01
        12         17     1.00000e+00     3.82964e+00     2.43821e+01
        13         18     1.00000e+00     3.71870e+00     2.82179e+01
        14         19     1.00000e+00     3.52755e+00     4.57872e+01
        15         20     1.00000e+00     3.21817e+00     4.65909e+01
        16         22     2.12037e-01     3.17034e+00     5.44414e+01
        17         23     1.00000e+00     3.05332e+00     2.71126e+01
        18         24     1.00000e+00     3.02210e+00     1.58565e+01
        19         25     1.00000e+00     3.00510e+00     1.90596e+01
        20         26     1.00000e+00     2.95898e+00     2.38820e+01
        21         27     1.00000e+00     2.90869e+00     2.59825e+01
        22         29     5.47960e-01     2.87074e+00     2.51234e+01
        23         30     1.00000e+00     2.82203e+00     1.54366e+01
        24         31     1.00000e+00     2.79043e+00     1.96415e+01
        25         32     1.00000e+00     2.73443e+00     2.67158e+01
        26         33     1.00000e+00     2.65656e+00     2.95565e+01
        27         34     1.00000e+00     2.59155e+00     2.92863e+01
        28         35     1.00000e+00     2.54729e+00     2.90876e+01
        29         36     1.00000e+00     2.49900e+00     2.11480e+01
        30         37     1.00000e+00     2.46134e+00     2.69067e+01
Exceeded Maximum Number of Iterations
 Iteration   FunEvals     Step Length    Function Val        Opt Cond
         1          3     1.23464e+00     2.21330e+00     7.01536e+00
         2          4     1.00000e+00     1.80838e+00     6.92246e+00
         3          5     1.00000e+00     1.53577e+00     3.27832e+00
         4          6     1.00000e+00     1.38265e+00     2.00349e+00
         5          7     1.00000e+00     1.29068e+00     3.74964e+00
         6          8     1.00000e+00     1.23422e+00     1.70108e+00
         7          9     1.00000e+00     1.21450e+00     1.23359e+00
         8         10     1.00000e+00     1.19642e+00     1.55537e+00
         9         11     1.00000e+00     1.17965e+00     1.82553e+00
        10         12     1.00000e+00     1.16116e+00     1.01981e+00
        11         13     1.00000e+00     1.13559e+00     1.53249e+00
        12         14     1.00000e+00     1.12188e+00     1.79052e+00
        13         15     1.00000e+00     1.10876e+00     2.02200e+00
        14         16     1.00000e+00     1.08537e+00     1.15658e+00
        15         17     1.00000e+00     1.05909e+00     1.30852e+00
        16         18     1.00000e+00     1.04405e+00     1.13963e+00
        17         19     1.00000e+00     1.02977e+00     1.13236e+00
        18         20     1.00000e+00     1.02190e+00     1.14804e+00
        19         21     1.00000e+00     1.01489e+00     8.96821e-01
        20         22     1.00000e+00     9.98382e-01     7.71063e-01
        21         23     1.00000e+00     9.91887e-01     6.86299e-01
        22         24     1.00000e+00     9.81381e-01     5.03106e-01
        23         25     1.00000e+00     9.75019e-01     4.41714e-01
        24         26     1.00000e+00     9.66765e-01     4.85769e-01
        25         27     1.00000e+00     9.63207e-01     7.68150e-01
        26         28     1.00000e+00     9.59019e-01     3.74835e-01
        27         29     1.00000e+00     9.55173e-01     3.75325e-01
        28         30     1.00000e+00     9.52551e-01     4.26767e-01
        29         31     1.00000e+00     9.47979e-01     4.16905e-01
        30         32     1.00000e+00     9.44828e-01     2.56599e-01
        31         33     1.00000e+00     9.42910e-01     2.22119e-01
        32         34     1.00000e+00     9.41086e-01     1.89899e-01
        33         35     1.00000e+00     9.39158e-01     1.14366e-01
        34         36     1.00000e+00     9.36834e-01     1.80884e-01
        35         37     1.00000e+00     9.35410e-01     1.94551e-01
        36         38     1.00000e+00     9.32146e-01     1.98146e-01
        37         39     1.00000e+00     9.30840e-01     1.56459e-01
        38         40     1.00000e+00     9.30343e-01     7.17141e-02
        39         41     1.00000e+00     9.30060e-01     5.71264e-02
        40         42     1.00000e+00     9.29740e-01     6.96210e-02
        41         43     1.00000e+00     9.29280e-01     6.51686e-02
        42         44     1.00000e+00     9.29086e-01     1.40011e-01
        43         45     1.00000e+00     9.28830e-01     5.36066e-02
        44         46     1.00000e+00     9.28686e-01     4.53051e-02
        45         47     1.00000e+00     9.28537e-01     6.27855e-02
        46         48     1.00000e+00     9.28318e-01     6.06034e-02
        47         49     1.00000e+00     9.28058e-01     5.06075e-02
        48         50     1.00000e+00     9.27962e-01     5.10982e-02
        49         51     1.00000e+00     9.27917e-01     2.33874e-02
        50         52     1.00000e+00     9.27893e-01     2.07527e-02
        51         53     1.00000e+00     9.27874e-01     1.79778e-02
        52         54     1.00000e+00     9.27831e-01     1.41989e-02
        53         55     1.00000e+00     9.27800e-01     1.57386e-02
        54         56     1.00000e+00     9.27778e-01     2.62547e-02
        55         57     1.00000e+00     9.27768e-01     1.22788e-02
        56         58     1.00000e+00     9.27762e-01     7.47957e-03
        57         59     1.00000e+00     9.27759e-01     7.18423e-03
        58         60     1.00000e+00     9.27754e-01     7.64285e-03
        59         61     1.00000e+00     9.27749e-01     7.28234e-03
        60         62     1.00000e+00     9.27742e-01     5.77091e-03
        61         63     1.00000e+00     9.27738e-01     3.64147e-03
        62         64     1.00000e+00     9.27735e-01     4.32185e-03
        63         65     1.00000e+00     9.27734e-01     2.69604e-03
        64         66     1.00000e+00     9.27733e-01     2.30997e-03
        65         67     1.00000e+00     9.27732e-01     2.06281e-03
        66         68     1.00000e+00     9.27731e-01     2.14714e-03
        67         69     1.00000e+00     9.27731e-01     1.45839e-03
        68         70     1.00000e+00     9.27731e-01     1.37463e-03
        69         71     1.00000e+00     9.27731e-01     1.08284e-03
        70         72     1.00000e+00     9.27730e-01     5.98346e-04
        71         73     1.00000e+00     9.27730e-01     6.23022e-04
        72         74     1.00000e+00     9.27730e-01     5.14155e-04
        73         75     1.00000e+00     9.27730e-01     3.75410e-04
        74         76     1.00000e+00     9.27730e-01     2.98839e-04
        75         77     1.00000e+00     9.27730e-01     2.93598e-04
        76         78     1.00000e+00     9.27730e-01     2.47469e-04
        77         79     1.00000e+00     9.27730e-01     2.29698e-04
        78         80     1.00000e+00     9.27730e-01     1.46526e-04
        79         81     1.00000e+00     9.27730e-01     1.46022e-04
        80         82     1.00000e+00     9.27730e-01     1.17261e-04
        81         83     1.00000e+00     9.27730e-01     8.28269e-05
        82         84     1.00000e+00     9.27730e-01     6.88171e-05
Directional Derivative below TolX
 Iteration   FunEvals     Step Length    Function Val        Opt Cond
         1          4     3.84772e+00     9.04793e-01     2.08593e+01
         2          5     1.00000e+00     8.37846e-01     2.62394e+01
         3          6     1.00000e+00     7.87936e-01     1.58404e+01
         4          7     1.00000e+00     7.57170e-01     1.27540e+01
         5          8     1.00000e+00     7.34603e-01     9.54439e+00
         6         10     3.43755e-01     7.20308e-01     9.28841e+00
         7         11     1.00000e+00     7.04160e-01     8.28684e+00
         8         12     1.00000e+00     6.90843e-01     8.40119e+00
         9         13     1.00000e+00     6.74356e-01     1.26639e+01
        10         15     1.80852e-01     6.71153e-01     1.19963e+01
        11         16     1.00000e+00     6.51975e-01     9.52641e+00
        12         17     1.00000e+00     6.22158e-01     8.11176e+00
        13         18     1.00000e+00     5.86261e-01     9.71301e+00
        14         19     1.00000e+00     5.64956e-01     1.28331e+01
        15         20     1.00000e+00     5.40328e-01     9.38809e+00
        16         21     1.00000e+00     5.15092e-01     1.12354e+01
        17         22     1.00000e+00     5.01100e-01     7.88775e+00
        18         23     1.00000e+00     4.92735e-01     8.79176e+00
        19         24     1.00000e+00     4.85552e-01     1.30601e+01
        20         25     1.00000e+00     4.72667e-01     1.35274e+01
        21         26     1.00000e+00     4.52844e-01     9.10608e+00
        22         27     1.00000e+00     4.38754e-01     7.15990e+00
        23         28     1.00000e+00     4.31561e-01     7.74244e+00
        24         29     1.00000e+00     4.20215e-01     5.81508e+00
        25         30     1.00000e+00     4.12182e-01     5.34392e+00
        26         31     1.00000e+00     4.07514e-01     7.92841e+00
        27         32     1.00000e+00     4.04303e-01     8.21375e+00
        28         33     1.00000e+00     4.00700e-01     7.91763e+00
        29         34     1.00000e+00     3.92653e-01     7.37706e+00
        30         35     1.00000e+00     3.80237e-01     4.77376e+00
Exceeded Maximum Number of Iterations
Before Finetuning Test Accuracy: 73.450%
After Finetuning Test Accuracy: 93.620%
>> clear
>> stackedAEExercise
 Iteration   FunEvals     Step Length    Function Val        Opt Cond
         1          5     3.15367e-02     1.15948e+02     9.53116e+03
         2          6     1.00000e+00     9.23678e+01     4.71140e+03
         3          7     1.00000e+00     8.36953e+01     2.17297e+03
         4          8     1.00000e+00     7.89616e+01     1.96873e+03
         5          9     1.00000e+00     7.09527e+01     2.59475e+03
         6         10     1.00000e+00     5.47073e+01     2.78128e+03
         7         11     1.00000e+00     3.43582e+01     7.13438e+02
         8         12     1.00000e+00     3.21725e+01     6.85305e+02
         9         13     1.00000e+00     3.11874e+01     6.09377e+02
        10         14     1.00000e+00     3.02037e+01     3.77549e+02
        11         15     1.00000e+00     2.97280e+01     2.58958e+02
        12         16     1.00000e+00     2.95225e+01     2.07419e+02
        13         17     1.00000e+00     2.94547e+01     1.67451e+02
        14         18     1.00000e+00     2.91814e+01     2.50482e+02
        15         19     1.00000e+00     2.89192e+01     3.55512e+02
        16         20     1.00000e+00     2.84365e+01     4.85362e+02
        17         22     4.77856e-01     2.82243e+01     4.35514e+02
        18         23     1.00000e+00     2.79933e+01     2.63381e+02
        19         24     1.00000e+00     2.77844e+01     2.23144e+02
        20         25     1.00000e+00     2.76793e+01     2.39297e+02
        21         26     1.00000e+00     2.70481e+01     3.24918e+02
        22         27     1.00000e+00     2.67575e+01     5.33385e+02
        23         28     1.00000e+00     2.57873e+01     2.58755e+02
        24         29     1.00000e+00     2.52270e+01     2.55393e+02
        25         30     1.00000e+00     2.48575e+01     2.73208e+02
        26         31     1.00000e+00     2.46105e+01     2.19445e+02
        27         32     1.00000e+00     2.43360e+01     2.26825e+02
        28         33     1.00000e+00     2.36899e+01     3.76142e+02
        29         34     1.00000e+00     2.29705e+01     4.10909e+02
        30         35     1.00000e+00     2.24248e+01     3.67561e+02
        31         36     1.00000e+00     2.16663e+01     2.86870e+02
        32         37     1.00000e+00     2.14867e+01     2.62996e+02
        33         38     1.00000e+00     2.13256e+01     1.97834e+02
        34         39     1.00000e+00     2.10969e+01     1.98644e+02
        35         40     1.00000e+00     2.08910e+01     2.34253e+02
        36         41     1.00000e+00     2.04841e+01     2.88990e+02
        37         42     1.00000e+00     2.00174e+01     3.20948e+02
        38         43     1.00000e+00     1.95394e+01     2.49723e+02
        39         44     1.00000e+00     1.92343e+01     2.03866e+02
        40         45     1.00000e+00     1.90827e+01     1.53611e+02
        41         46     1.00000e+00     1.90150e+01     1.34581e+02
        42         47     1.00000e+00     1.88643e+01     1.44928e+02
        43         48     1.00000e+00     1.86991e+01     1.70619e+02
        44         49     1.00000e+00     1.84821e+01     2.05087e+02
        45         50     1.00000e+00     1.82610e+01     1.73617e+02
        46         51     1.00000e+00     1.80004e+01     1.48474e+02
        47         52     1.00000e+00     1.77719e+01     1.74613e+02
        48         53     1.00000e+00     1.76146e+01     1.76786e+02
        49         54     1.00000e+00     1.74745e+01     1.33479e+02
        50         55     1.00000e+00     1.73310e+01     1.29204e+02
        51         56     1.00000e+00     1.72537e+01     1.23318e+02
        52         57     1.00000e+00     1.71600e+01     1.16951e+02
        53         58     1.00000e+00     1.69931e+01     1.36915e+02
        54         59     1.00000e+00     1.68783e+01     1.27581e+02
        55         60     1.00000e+00     1.67909e+01     1.05363e+02
        56         61     1.00000e+00     1.66407e+01     1.08132e+02
        57         62     1.00000e+00     1.65347e+01     1.21983e+02
        58         63     1.00000e+00     1.63968e+01     1.22843e+02
        59         64     1.00000e+00     1.62773e+01     1.30462e+02
        60         65     1.00000e+00     1.61722e+01     1.11646e+02
        61         66     1.00000e+00     1.60627e+01     1.11104e+02
        62         67     1.00000e+00     1.59215e+01     1.35153e+02
        63         68     1.00000e+00     1.58524e+01     1.39721e+02
        64         69     1.00000e+00     1.57768e+01     9.30291e+01
        65         70     1.00000e+00     1.57119e+01     8.18283e+01
        66         71     1.00000e+00     1.56603e+01     9.82368e+01
        67         72     1.00000e+00     1.55897e+01     1.19672e+02
        68         73     1.00000e+00     1.55142e+01     1.04610e+02
        69         74     1.00000e+00     1.54466e+01     8.35503e+01
        70         75     1.00000e+00     1.53830e+01     8.61665e+01
        71         76     1.00000e+00     1.53226e+01     9.51112e+01
        72         77     1.00000e+00     1.51919e+01     1.12043e+02
        73         78     1.00000e+00     1.51320e+01     1.39941e+02
        74         79     1.00000e+00     1.50514e+01     6.93059e+01
        75         80     1.00000e+00     1.50275e+01     5.52101e+01
        76         81     1.00000e+00     1.50067e+01     6.45187e+01
        77         82     1.00000e+00     1.49570e+01     8.41420e+01
        78         83     1.00000e+00     1.48793e+01     1.17195e+02
        79         84     1.00000e+00     1.47957e+01     1.06383e+02
        80         85     1.00000e+00     1.47314e+01     7.53320e+01
        81         86     1.00000e+00     1.46943e+01     5.71187e+01
        82         87     1.00000e+00     1.46732e+01     6.13967e+01
        83         88     1.00000e+00     1.46136e+01     8.26299e+01
        84         89     1.00000e+00     1.45642e+01     1.03815e+02
        85         90     1.00000e+00     1.45042e+01     7.52513e+01
        86         91     1.00000e+00     1.44560e+01     6.56560e+01
        87         92     1.00000e+00     1.44160e+01     8.50005e+01
        88         93     1.00000e+00     1.43741e+01     8.34975e+01
        89         94     1.00000e+00     1.43453e+01     1.03998e+02
        90         95     1.00000e+00     1.43043e+01     5.36144e+01
        91         96     1.00000e+00     1.42854e+01     4.89656e+01
        92         97     1.00000e+00     1.42637e+01     6.26949e+01
        93         98     1.00000e+00     1.42352e+01     6.84468e+01
        94         99     1.00000e+00     1.41896e+01     7.55241e+01
        95        100     1.00000e+00     1.41216e+01     6.41326e+01
        96        101     1.00000e+00     1.40909e+01     8.00689e+01
        97        102     1.00000e+00     1.40673e+01     4.96715e+01
        98        103     1.00000e+00     1.40578e+01     4.10952e+01
        99        104     1.00000e+00     1.40432e+01     4.46316e+01
       100        105     1.00000e+00     1.40088e+01     7.23194e+01
Exceeded Maximum Number of Iterations
 Iteration   FunEvals     Step Length    Function Val        Opt Cond
         1          5     1.37312e-01     1.25267e+02     4.47620e+03
         2          6     1.00000e+00     2.57010e+01     1.33197e+03
         3          7     1.00000e+00     1.43372e+01     6.13208e+02
         4          8     1.00000e+00     9.89726e+00     2.18685e+02
         5          9     1.00000e+00     7.47563e+00     1.92662e+02
         6         10     1.00000e+00     5.71187e+00     5.08690e+01
         7         11     1.00000e+00     5.29887e+00     4.13890e+01
         8         13     3.61334e-01     5.18578e+00     3.51168e+01
         9         14     1.00000e+00     5.11535e+00     1.96970e+01
        10         15     1.00000e+00     5.08209e+00     1.64342e+01
        11         16     1.00000e+00     5.03845e+00     2.22340e+01
        12         17     1.00000e+00     4.94806e+00     3.32075e+01
        13         18     1.00000e+00     4.82711e+00     3.31338e+01
        14         19     1.00000e+00     4.58848e+00     4.14012e+01
        15         21     3.31401e-01     4.51153e+00     5.32842e+01
        16         22     1.00000e+00     4.32549e+00     3.04059e+01
        17         23     1.00000e+00     4.27868e+00     1.93500e+01
        18         24     1.00000e+00     4.26925e+00     1.96111e+01
        19         25     1.00000e+00     4.25832e+00     1.15456e+01
        20         26     1.00000e+00     4.25183e+00     8.92311e+00
        21         27     1.00000e+00     4.23258e+00     1.08320e+01
        22         28     1.00000e+00     4.21525e+00     1.16091e+01
        23         29     1.00000e+00     4.20404e+00     3.46369e+01
        24         30     1.00000e+00     4.16979e+00     1.82017e+01
        25         31     1.00000e+00     4.13399e+00     1.18476e+01
        26         32     1.00000e+00     4.05247e+00     2.78490e+01
        27         34     5.59113e-01     4.00060e+00     3.50178e+01
        28         35     1.00000e+00     3.97530e+00     3.61088e+01
        29         36     1.00000e+00     3.92884e+00     1.70348e+01
        30         37     1.00000e+00     3.90352e+00     1.62087e+01
        31         38     1.00000e+00     3.88453e+00     1.91774e+01
        32         39     1.00000e+00     3.85671e+00     2.19206e+01
        33         40     1.00000e+00     3.83306e+00     4.61577e+01
        34         41     1.00000e+00     3.77825e+00     2.58649e+01
        35         42     1.00000e+00     3.73248e+00     1.62061e+01
        36         43     1.00000e+00     3.70949e+00     1.74999e+01
        37         44     1.00000e+00     3.68016e+00     3.01302e+01
        38         45     1.00000e+00     3.63534e+00     2.01231e+01
        39         46     1.00000e+00     3.60600e+00     1.89210e+01
        40         47     1.00000e+00     3.58282e+00     1.40690e+01
        41         48     1.00000e+00     3.56767e+00     1.50243e+01
        42         49     1.00000e+00     3.54485e+00     1.65289e+01
        43         50     1.00000e+00     3.50263e+00     2.45090e+01
        44         51     1.00000e+00     3.48316e+00     3.33179e+01
        45         52     1.00000e+00     3.45151e+00     1.44165e+01
        46         53     1.00000e+00     3.43966e+00     1.05208e+01
        47         54     1.00000e+00     3.42939e+00     1.43878e+01
        48         55     1.00000e+00     3.40918e+00     1.70218e+01
        49         56     1.00000e+00     3.39352e+00     2.94546e+01
        50         57     1.00000e+00     3.36747e+00     1.50534e+01
        51         58     1.00000e+00     3.35610e+00     8.72825e+00
        52         59     1.00000e+00     3.34916e+00     1.12820e+01
        53         60     1.00000e+00     3.33676e+00     1.59232e+01
        54         61     1.00000e+00     3.31518e+00     2.14309e+01
        55         62     1.00000e+00     3.30505e+00     2.77185e+01
        56         63     1.00000e+00     3.28406e+00     1.13585e+01
        57         64     1.00000e+00     3.27738e+00     7.12762e+00
        58         65     1.00000e+00     3.27263e+00     9.38506e+00
        59         66     1.00000e+00     3.26389e+00     1.21948e+01
        60         67     1.00000e+00     3.24974e+00     1.70040e+01
        61         68     1.00000e+00     3.24020e+00     1.58641e+01
        62         69     1.00000e+00     3.23161e+00     7.97982e+00
        63         70     1.00000e+00     3.22575e+00     8.18326e+00
        64         71     1.00000e+00     3.21991e+00     1.11875e+01
        65         72     1.00000e+00     3.20460e+00     1.60135e+01
        66         73     1.00000e+00     3.20000e+00     2.26165e+01
        67         74     1.00000e+00     3.18548e+00     1.00057e+01
        68         75     1.00000e+00     3.18064e+00     5.27431e+00
        69         76     1.00000e+00     3.17765e+00     7.14140e+00
        70         77     1.00000e+00     3.17250e+00     9.06236e+00
        71         78     1.00000e+00     3.16682e+00     1.47016e+01
        72         79     1.00000e+00     3.15923e+00     8.26810e+00
        73         80     1.00000e+00     3.15551e+00     4.93979e+00
        74         81     1.00000e+00     3.15288e+00     6.22465e+00
        75         82     1.00000e+00     3.14977e+00     8.11635e+00
        76         83     1.00000e+00     3.14379e+00     9.62097e+00
        77         84     1.00000e+00     3.13987e+00     1.13017e+01
        78         85     1.00000e+00     3.13509e+00     5.73542e+00
        79         86     1.00000e+00     3.13339e+00     4.13297e+00
        80         87     1.00000e+00     3.13193e+00     5.25786e+00
        81         88     1.00000e+00     3.12856e+00     8.85251e+00
        82         89     1.00000e+00     3.12448e+00     7.90722e+00
        83         90     1.00000e+00     3.12120e+00     6.63032e+00
        84         91     1.00000e+00     3.11866e+00     3.53748e+00
        85         92     1.00000e+00     3.11734e+00     4.31321e+00
        86         93     1.00000e+00     3.11404e+00     6.27940e+00
        87         94     1.00000e+00     3.11063e+00     9.03122e+00
        88         95     1.00000e+00     3.10758e+00     5.71096e+00
        89         96     1.00000e+00     3.10623e+00     3.04010e+00
        90         97     1.00000e+00     3.10544e+00     3.43107e+00
        91         98     1.00000e+00     3.10444e+00     4.58256e+00
        92         99     1.00000e+00     3.10179e+00     6.36341e+00
        93        100     1.00000e+00     3.09999e+00     8.55726e+00
        94        101     1.00000e+00     3.09735e+00     4.78995e+00
        95        102     1.00000e+00     3.09608e+00     2.92033e+00
        96        103     1.00000e+00     3.09529e+00     3.83889e+00
        97        104     1.00000e+00     3.09393e+00     4.78554e+00
        98        105     1.00000e+00     3.09244e+00     5.83675e+00
        99        106     1.00000e+00     3.09101e+00     3.97424e+00
       100        107     1.00000e+00     3.09022e+00     2.56839e+00
Exceeded Maximum Number of Iterations
 Iteration   FunEvals     Step Length    Function Val        Opt Cond
         1          4     9.49462e+00     1.42441e+00     7.01006e+00
         2          5     1.00000e+00     8.55526e-01     3.02162e+00
         3          6     1.00000e+00     7.52652e-01     4.24910e+00
         4          7     1.00000e+00     6.47165e-01     1.89071e+00
         5          8     1.00000e+00     5.92603e-01     1.07449e+00
         6          9     1.00000e+00     5.52433e-01     1.27065e+00
         7         10     1.00000e+00     5.39222e-01     1.93382e+00
         8         11     1.00000e+00     5.19004e-01     7.73344e-01
         9         12     1.00000e+00     5.13306e-01     6.53068e-01
        10         13     1.00000e+00     5.02376e-01     8.13894e-01
        11         14     1.00000e+00     4.88998e-01     8.53207e-01
        12         15     1.00000e+00     4.72638e-01     8.15304e-01
        13         16     1.00000e+00     4.63179e-01     6.88971e-01
        14         17     1.00000e+00     4.55953e-01     4.26376e-01
        15         18     1.00000e+00     4.51177e-01     4.27654e-01
        16         19     1.00000e+00     4.46276e-01     4.25724e-01
        17         20     1.00000e+00     4.40339e-01     5.04139e-01
        18         21     1.00000e+00     4.35054e-01     3.57107e-01
        19         22     1.00000e+00     4.30895e-01     3.19461e-01
        20         23     1.00000e+00     4.26701e-01     3.24247e-01
        21         24     1.00000e+00     4.23013e-01     3.23746e-01
        22         25     1.00000e+00     4.20334e-01     2.26450e-01
        23         26     1.00000e+00     4.18002e-01     2.32054e-01
        24         27     1.00000e+00     4.15652e-01     2.05230e-01
        25         28     1.00000e+00     4.13182e-01     1.84061e-01
        26         29     1.00000e+00     4.11943e-01     1.73131e-01
        27         30     1.00000e+00     4.11104e-01     1.07177e-01
        28         31     1.00000e+00     4.10347e-01     1.11277e-01
        29         32     1.00000e+00     4.09609e-01     1.15390e-01
        30         33     1.00000e+00     4.08586e-01     9.10848e-02
        31         35     4.32468e-01     4.08274e-01     1.05236e-01
        32         36     1.00000e+00     4.07864e-01     6.43784e-02
        33         37     1.00000e+00     4.07599e-01     6.13913e-02
        34         38     1.00000e+00     4.07282e-01     6.24475e-02
        35         39     1.00000e+00     4.07043e-01     6.90746e-02
        36         40     1.00000e+00     4.06856e-01     4.92576e-02
        37         41     1.00000e+00     4.06761e-01     3.40381e-02
        38         42     1.00000e+00     4.06628e-01     3.63642e-02
        39         43     1.00000e+00     4.06536e-01     3.45342e-02
        40         44     1.00000e+00     4.06390e-01     2.97117e-02
        41         46     4.05387e-01     4.06342e-01     2.97787e-02
        42         47     1.00000e+00     4.06297e-01     1.68089e-02
        43         48     1.00000e+00     4.06267e-01     1.65203e-02
        44         49     1.00000e+00     4.06239e-01     1.57699e-02
        45         50     1.00000e+00     4.06218e-01     2.36995e-02
        46         51     1.00000e+00     4.06197e-01     1.06659e-02
        47         52     1.00000e+00     4.06187e-01     1.05755e-02
        48         53     1.00000e+00     4.06176e-01     1.03447e-02
        49         54     1.00000e+00     4.06161e-01     8.49429e-03
        50         56     4.19770e-01     4.06157e-01     9.38204e-03
        51         57     1.00000e+00     4.06152e-01     5.34390e-03
        52         58     1.00000e+00     4.06149e-01     4.51845e-03
        53         59     1.00000e+00     4.06145e-01     5.84070e-03
        54         60     1.00000e+00     4.06143e-01     5.17653e-03
        55         61     1.00000e+00     4.06142e-01     2.82869e-03
        56         62     1.00000e+00     4.06141e-01     2.41346e-03
        57         63     1.00000e+00     4.06140e-01     2.47485e-03
        58         64     1.00000e+00     4.06139e-01     1.97104e-03
        59         65     1.00000e+00     4.06138e-01     1.77920e-03
        60         66     1.00000e+00     4.06138e-01     1.56026e-03
        61         67     1.00000e+00     4.06137e-01     8.84223e-04
        62         68     1.00000e+00     4.06137e-01     7.46884e-04
        63         69     1.00000e+00     4.06137e-01     6.80970e-04
        64         70     1.00000e+00     4.06137e-01     5.94249e-04
        65         71     1.00000e+00     4.06137e-01     1.19241e-03
        66         72     1.00000e+00     4.06137e-01     4.00628e-04
        67         73     1.00000e+00     4.06137e-01     2.78931e-04
        68         74     1.00000e+00     4.06137e-01     3.35647e-04
        69         75     1.00000e+00     4.06137e-01     3.18360e-04
        70         76     1.00000e+00     4.06137e-01     2.91096e-04
        71         77     1.00000e+00     4.06137e-01     5.18439e-04
        72         78     1.00000e+00     4.06137e-01     1.34092e-04
        73         79     1.00000e+00     4.06137e-01     1.02755e-04
        74         80     1.00000e+00     4.06137e-01     8.58451e-05
        75         81     1.00000e+00     4.06137e-01     7.89727e-05
        76         82     1.00000e+00     4.06137e-01     7.63367e-05
        77         83     1.00000e+00     4.06137e-01     1.15147e-04
Function Value changing by less than TolX
 Iteration   FunEvals     Step Length    Function Val        Opt Cond
         1          4     1.20163e+01     4.41607e-01     7.91950e+00
         2          5     1.00000e+00     3.92476e-01     8.46935e+00
         3          7     3.28742e-01     3.81380e-01     7.26636e+00
         4          8     1.00000e+00     3.73564e-01     7.42943e+00
         5          9     1.00000e+00     3.58072e-01     9.61551e+00
         6         10     1.00000e+00     3.46555e-01     7.85059e+00
         7         11     1.00000e+00     3.37989e-01     5.21193e+00
         8         12     1.00000e+00     3.28865e-01     4.31802e+00
         9         13     1.00000e+00     3.22261e-01     4.79297e+00
        10         15     3.78568e-01     3.17557e-01     5.01427e+00
        11         16     1.00000e+00     3.14628e-01     5.60802e+00
        12         17     1.00000e+00     3.08473e-01     4.72422e+00
        13         19     4.38801e-01     3.02817e-01     4.22600e+00
        14         20     1.00000e+00     2.97324e-01     6.03381e+00
        15         21     1.00000e+00     2.94034e-01     4.53514e+00
        16         22     1.00000e+00     2.88817e-01     3.81478e+00
        17         23     1.00000e+00     2.83115e-01     5.76017e+00
        18         24     1.00000e+00     2.82454e-01     7.19166e+00
        19         25     1.00000e+00     2.81770e-01     5.39151e+00
        20         26     1.00000e+00     2.79520e-01     5.65830e+00
        21         27     1.00000e+00     2.76739e-01     4.94258e+00
        22         28     1.00000e+00     2.73401e-01     5.09154e+00
        23         29     1.00000e+00     2.69957e-01     6.09098e+00
        24         30     1.00000e+00     2.64821e-01     3.91861e+00
        25         31     1.00000e+00     2.61703e-01     3.48940e+00
        26         32     1.00000e+00     2.59253e-01     3.97667e+00
        27         33     1.00000e+00     2.58512e-01     5.65120e+00
        28         35     3.28011e-01     2.57052e-01     5.51251e+00
        29         36     1.00000e+00     2.55130e-01     6.18052e+00
        30         37     1.00000e+00     2.49421e-01     3.62667e+00
        31         38     1.00000e+00     2.46039e-01     3.76904e+00
        32         39     1.00000e+00     2.44589e-01     4.01225e+00
        33         40     1.00000e+00     2.43392e-01     5.22788e+00
        34         41     1.00000e+00     2.41758e-01     5.74038e+00
        35         43     2.54696e-01     2.41028e-01     5.55915e+00
        36         44     1.00000e+00     2.40698e-01     5.83976e+00
        37         45     1.00000e+00     2.34915e-01     3.46046e+00
        38         46     1.00000e+00     2.31858e-01     2.88260e+00
        39         47     1.00000e+00     2.28582e-01     3.50008e+00
        40         48     1.00000e+00     2.28340e-01     5.02343e+00
        41         49     1.00000e+00     2.25534e-01     3.57894e+00
        42         50     1.00000e+00     2.23183e-01     3.42927e+00
        43         51     1.00000e+00     2.21529e-01     4.53452e+00
        44         53     2.88991e-01     2.19969e-01     4.76528e+00
        45         55     2.89749e-01     2.18525e-01     4.47767e+00
        46         57     3.45499e-01     2.16464e-01     4.15428e+00
        47         59     2.88664e-01     2.15552e-01     3.45976e+00
        48         61     3.21336e-01     2.14342e-01     2.94060e+00
        49         62     1.00000e+00     2.12610e-01     4.62213e+00
        50         63     1.00000e+00     2.12583e-01     7.23518e+00
        51         64     1.00000e+00     2.08249e-01     4.55246e+00
        52         65     1.00000e+00     2.05350e-01     3.84492e+00
        53         66     1.00000e+00     2.04258e-01     2.44045e+00
        54         68     2.37542e-01     2.03950e-01     3.27688e+00
        55         70     1.45509e-01     2.03734e-01     4.15432e+00
        56         72     1.45889e-01     2.03583e-01     4.80536e+00
        57         74     1.65677e-01     2.03406e-01     5.20090e+00
        58         76     2.10383e-01     2.02975e-01     5.31720e+00
        59         78     2.51165e-01     2.02144e-01     5.13968e+00
        60         80     2.45078e-01     2.01142e-01     4.84968e+00
        61         82     2.48389e-01     2.00209e-01     3.51544e+00
        62         84     2.73823e-01     1.99613e-01     2.96943e+00
        63         86     3.05149e-01     1.98770e-01     3.36741e+00
        64         88     2.87640e-01     1.98033e-01     3.46478e+00
        65         89     1.00000e+00     1.96804e-01     4.96575e+00
        66         91     3.05273e-01     1.96369e-01     3.39756e+00
        67         92     1.00000e+00     1.93882e-01     3.53355e+00
        68         93     1.00000e+00     1.91090e-01     3.69230e+00
        69         94     1.00000e+00     1.88178e-01     4.13251e+00
        70         95     1.00000e+00     1.86757e-01     4.28261e+00
        71         96     1.00000e+00     1.85951e-01     4.03879e+00
        72         97     1.00000e+00     1.85262e-01     3.00097e+00
        73         98     1.00000e+00     1.84977e-01     3.01716e+00
        74        100     2.46098e-01     1.84826e-01     2.71946e+00
        75        101     1.00000e+00     1.84430e-01     4.42159e+00
        76        102     1.00000e+00     1.83949e-01     3.48412e+00
        77        103     1.00000e+00     1.82206e-01     5.69067e+00
        78        104     1.00000e+00     1.80571e-01     4.77298e+00
        79        105     1.00000e+00     1.79080e-01     3.20177e+00
        80        106     1.00000e+00     1.78621e-01     4.81058e+00
        81        107     1.00000e+00     1.78103e-01     3.68871e+00
        82        109     2.13610e-01     1.77583e-01     3.30938e+00
        83        111     1.94055e-01     1.77340e-01     3.45327e+00
        84        113     2.04881e-01     1.77097e-01     3.61360e+00
        85        115     2.17446e-01     1.76786e-01     3.81922e+00
        86        117     2.45373e-01     1.76347e-01     3.98257e+00
        87        119     3.06822e-01     1.75573e-01     3.68576e+00
        88        121     2.93578e-01     1.74717e-01     3.63004e+00
        89        123     3.21699e-01     1.73842e-01     2.60521e+00
        90        124     1.00000e+00     1.72844e-01     2.84654e+00
        91        125     1.00000e+00     1.71668e-01     3.74123e+00
        92        126     1.00000e+00     1.69661e-01     3.40541e+00
        93        127     1.00000e+00     1.68146e-01     5.00960e+00
        94        128     1.00000e+00     1.67702e-01     6.63600e+00
        95        129     1.00000e+00     1.67195e-01     4.89952e+00
        96        130     1.00000e+00     1.66519e-01     4.89034e+00
        97        132     3.07690e-01     1.66216e-01     3.44855e+00
        98        133     1.00000e+00     1.65830e-01     3.48973e+00
        99        134     1.00000e+00     1.65286e-01     2.91079e+00
       100        135     1.00000e+00     1.64037e-01     4.67985e+00
Exceeded Maximum Number of Iterations
Before Finetuning Test Accuracy: 90.100%
After Finetuning Test Accuracy: 97.730%
>> 