>> linearDecoderExercise
    0.9934    0.9934
    1.1338    1.1338
    1.2653    1.2653
    1.3696    1.3696
    1.0417    1.0417
    0.8628    0.8628
    0.9873    0.9873
    1.1047    1.1047
    1.2285    1.2285
    0.8909    0.8909
    0.8399    0.8399
    0.9646    0.9646
    1.0588    1.0588
    1.1388    1.1388
    0.8655    0.8655
    0.8420    0.8420
    0.9911    0.9911
    1.0691    1.0691
    1.1894    1.1894
    0.8790    0.8790
    1.0008    1.0008
    1.1512    1.1512
    1.2861    1.2861
    1.3925    1.3925
    1.0432    1.0432
    0.9972    0.9972
    1.1896    1.1896
    1.2815    1.2815
    1.3993    1.3993
    1.0535    1.0535
    1.2573    1.2573
    1.4625    1.4625
    1.6109    1.6109
    1.7241    1.7241
    1.3295    1.3295
    0.8588    0.8588
    1.0520    1.0520
    1.1214    1.1214
    1.1669    1.1669
    0.9082    0.9082
   -0.6005   -0.6005
   -0.4304   -0.4304
    0.0535    0.0535
   -0.1183   -0.1183
   -0.2507   -0.2507
   -0.2646   -0.2646
   -0.1151   -0.1151
   -0.4591   -0.4591
   -0.5550   -0.5550
   -0.4024   -0.4024
    0.0742    0.0742
   -0.1105   -0.1105
   -0.2365   -0.2365
   -0.2577   -0.2577
   -0.1162   -0.1162
   -0.4584   -0.4584
   -0.7034   -0.7034
   -0.5050   -0.5050
    0.0959    0.0959
   -0.1369   -0.1369
   -0.3069   -0.3069
   -0.3244   -0.3244
   -0.1445   -0.1445
   -0.5673   -0.5673
   -0.7115   -0.7115
   -0.5219   -0.5219
    0.0741    0.0741
   -0.1450   -0.1450
   -0.3125   -0.3125
   -0.3149   -0.3149
   -0.1462   -0.1462
   -0.5480   -0.5480
   -0.6277   -0.6277
   -0.4443   -0.4443
    0.0847    0.0847
   -0.1180   -0.1180
   -0.2777   -0.2777
   -0.2852   -0.2852
   -0.1378   -0.1378
   -0.5001   -0.5001
    2.0413    2.0413
    2.3968    2.3968
    2.6097    2.6097
    2.8169    2.8169
    2.1410    2.1410
   -1.3439   -1.3439
   -0.9918   -0.9918
    0.1612    0.1612
   -0.2784   -0.2784
   -0.6014   -0.6014
   -0.6118   -0.6118
   -0.2861   -0.2861
   -1.0567   -1.0567

   8.4796e-11

 Iteration   FunEvals     Step Length    Function Val        Opt Cond
         1          4     5.24483e-03     1.08835e+03     9.43198e+03
         2          5     1.00000e+00     1.04139e+03     6.00143e+03
         3          6     1.00000e+00     9.80993e+02     1.46120e+04
         4          7     1.00000e+00     7.57062e+02     2.35969e+04
         5          8     1.00000e+00     2.48427e+02     9.99680e+03
         6          9     1.00000e+00     2.65025e+01     1.31206e+03
         7         10     1.00000e+00     1.37927e+01     5.93313e+02
         8         11     1.00000e+00     9.85494e+00     1.73935e+02
         9         12     1.00000e+00     9.48889e+00     7.80202e+01
        10         13     1.00000e+00     9.35989e+00     5.25488e+01
        11         14     1.00000e+00     9.28936e+00     5.35968e+01
        12         15     1.00000e+00     9.10341e+00     6.25460e+01
        13         17     6.23534e-01     8.39071e+00     9.09391e+01
        14         18     1.00000e+00     7.88405e+00     1.55708e+02
        15         19     1.00000e+00     6.85381e+00     1.26688e+02
        16         21     2.33619e-01     6.48410e+00     1.23008e+02
        17         22     1.00000e+00     6.21710e+00     6.02740e+01
        18         23     1.00000e+00     6.12457e+00     8.39264e+01
        19         24     1.00000e+00     6.04205e+00     9.53638e+01
        20         25     1.00000e+00     5.83186e+00     1.07268e+02
        21         27     3.10704e-01     5.76822e+00     1.11525e+02
        22         28     1.00000e+00     5.64420e+00     8.15484e+01
        23         29     1.00000e+00     5.50560e+00     4.83930e+01
        24         30     1.00000e+00     5.41004e+00     4.71053e+01
        25         31     1.00000e+00     5.29208e+00     6.93221e+01
        26         32     1.00000e+00     5.20927e+00     6.66568e+01
        27         33     1.00000e+00     5.14207e+00     4.69554e+01
        28         34     1.00000e+00     5.08625e+00     5.22747e+01
        29         35     1.00000e+00     5.04024e+00     5.24012e+01
        30         37     4.69968e-01     5.00381e+00     6.16250e+01
        31         38     1.00000e+00     4.94843e+00     4.17561e+01
        32         39     1.00000e+00     4.90656e+00     3.28011e+01
        33         40     1.00000e+00     4.86861e+00     3.54486e+01
        34         42     4.17794e-01     4.85152e+00     3.83477e+01
        35         43     1.00000e+00     4.83202e+00     3.55817e+01
        36         44     1.00000e+00     4.80553e+00     3.72565e+01
        37         45     1.00000e+00     4.77220e+00     3.86571e+01
        38         47     4.12244e-01     4.75400e+00     4.46760e+01
        39         48     1.00000e+00     4.72526e+00     3.37547e+01
        40         49     1.00000e+00     4.70205e+00     2.89665e+01
        41         50     1.00000e+00     4.68061e+00     3.03386e+01
        42         51     1.00000e+00     4.67170e+00     5.24693e+01
        43         52     1.00000e+00     4.64147e+00     3.19107e+01
        44         53     1.00000e+00     4.62401e+00     3.04702e+01
        45         54     1.00000e+00     4.60491e+00     3.31576e+01
        46         55     1.00000e+00     4.58355e+00     2.86421e+01
        47         57     3.90158e-01     4.57450e+00     3.35045e+01
        48         58     1.00000e+00     4.55974e+00     2.41229e+01
        49         59     1.00000e+00     4.55079e+00     2.33204e+01
        50         60     1.00000e+00     4.53278e+00     2.52816e+01
        51         62     4.66934e-01     4.52594e+00     3.07247e+01
        52         63     1.00000e+00     4.51409e+00     2.67181e+01
        53         64     1.00000e+00     4.50054e+00     2.55090e+01
        54         65     1.00000e+00     4.48446e+00     2.79413e+01
        55         66     1.00000e+00     4.48135e+00     4.67146e+01
        56         67     1.00000e+00     4.46242e+00     2.72649e+01
        57         68     1.00000e+00     4.45518e+00     2.33692e+01
        58         69     1.00000e+00     4.44485e+00     2.30853e+01
        59         70     1.00000e+00     4.43202e+00     2.22345e+01
        60         72     2.97656e-01     4.42665e+00     2.62182e+01
        61         73     1.00000e+00     4.41528e+00     2.09151e+01
        62         74     1.00000e+00     4.40696e+00     1.96249e+01
        63         75     1.00000e+00     4.39322e+00     2.12062e+01
        64         76     1.00000e+00     4.39131e+00     4.07141e+01
        65         77     1.00000e+00     4.37505e+00     2.29237e+01
        66         78     1.00000e+00     4.36793e+00     2.03342e+01
        67         79     1.00000e+00     4.36008e+00     2.13869e+01
        68         80     1.00000e+00     4.34980e+00     2.13111e+01
        69         81     1.00000e+00     4.33988e+00     3.65211e+01
        70         82     1.00000e+00     4.32081e+00     1.95555e+01
        71         83     1.00000e+00     4.31212e+00     1.86108e+01
        72         84     1.00000e+00     4.29911e+00     2.19868e+01
        73         85     1.00000e+00     4.28545e+00     2.58270e+01
        74         86     1.00000e+00     4.27643e+00     2.56119e+01
        75         87     1.00000e+00     4.26704e+00     2.05012e+01
        76         88     1.00000e+00     4.25874e+00     1.96732e+01
        77         89     1.00000e+00     4.24815e+00     2.04662e+01
        78         91     3.67010e-01     4.24344e+00     2.38224e+01
        79         92     1.00000e+00     4.23567e+00     1.92179e+01
        80         93     1.00000e+00     4.22930e+00     1.74631e+01
        81         94     1.00000e+00     4.21849e+00     1.70499e+01
        82         95     1.00000e+00     4.21658e+00     3.35588e+01
        83         96     1.00000e+00     4.20401e+00     1.67358e+01
        84         97     1.00000e+00     4.19978e+00     1.50266e+01
        85         98     1.00000e+00     4.19424e+00     1.66273e+01
        86         99     1.00000e+00     4.18632e+00     1.77867e+01
        87        100     1.00000e+00     4.17777e+00     3.06882e+01
        88        101     1.00000e+00     4.16448e+00     2.01045e+01
        89        102     1.00000e+00     4.15889e+00     1.55858e+01
        90        103     1.00000e+00     4.15105e+00     1.51841e+01
        91        104     1.00000e+00     4.14890e+00     3.00442e+01
        92        105     1.00000e+00     4.13809e+00     1.49160e+01
        93        106     1.00000e+00     4.13417e+00     1.27611e+01
        94        107     1.00000e+00     4.12883e+00     1.32081e+01
        95        108     1.00000e+00     4.11942e+00     1.32651e+01
        96        110     3.80330e-01     4.11474e+00     2.00964e+01
        97        111     1.00000e+00     4.10513e+00     1.26917e+01
        98        112     1.00000e+00     4.09988e+00     1.18269e+01
        99        113     1.00000e+00     4.09307e+00     1.51602e+01
       100        114     1.00000e+00     4.08942e+00     2.27633e+01
       101        115     1.00000e+00     4.08326e+00     1.59972e+01
       102        116     1.00000e+00     4.07758e+00     1.52132e+01
       103        117     1.00000e+00     4.07127e+00     1.45538e+01
       104        118     1.00000e+00     4.06208e+00     1.61824e+01
       105        119     1.00000e+00     4.05834e+00     2.20336e+01
       106        120     1.00000e+00     4.05082e+00     1.11338e+01
       107        121     1.00000e+00     4.04675e+00     1.15960e+01
       108        122     1.00000e+00     4.03908e+00     1.35496e+01
       109        123     1.00000e+00     4.02762e+00     1.46058e+01
       110        125     2.28050e-01     4.02449e+00     1.49633e+01
       111        126     1.00000e+00     4.01955e+00     9.65340e+00
       112        127     1.00000e+00     4.01660e+00     8.84511e+00
       113        128     1.00000e+00     4.01213e+00     1.04897e+01
       114        129     1.00000e+00     4.00868e+00     1.59526e+01
       115        130     1.00000e+00     4.00398e+00     9.75800e+00
       116        131     1.00000e+00     4.00035e+00     7.88479e+00
       117        132     1.00000e+00     3.99627e+00     9.11091e+00
       118        133     1.00000e+00     3.99194e+00     1.08287e+01
       119        135     5.13104e-01     3.98898e+00     1.17583e+01
       120        136     1.00000e+00     3.98595e+00     7.85388e+00
       121        137     1.00000e+00     3.98380e+00     7.75964e+00
       122        138     1.00000e+00     3.98145e+00     8.85109e+00
       123        139     1.00000e+00     3.97944e+00     1.45565e+01
       124        140     1.00000e+00     3.97613e+00     7.75701e+00
       125        141     1.00000e+00     3.97445e+00     6.47333e+00
       126        142     1.00000e+00     3.97264e+00     6.96472e+00
       127        143     1.00000e+00     3.97029e+00     7.86234e+00
       128        145     4.47963e-01     3.96882e+00     9.61551e+00
       129        146     1.00000e+00     3.96673e+00     6.46379e+00
       130        147     1.00000e+00     3.96520e+00     6.29781e+00
       131        148     1.00000e+00     3.96256e+00     8.32195e+00
       132        149     1.00000e+00     3.96033e+00     1.15752e+01
       133        150     1.00000e+00     3.95778e+00     7.35816e+00
       134        151     1.00000e+00     3.95525e+00     6.98779e+00
       135        152     1.00000e+00     3.95352e+00     8.07132e+00
       136        153     1.00000e+00     3.95124e+00     1.07801e+01
       137        154     1.00000e+00     3.94917e+00     6.63135e+00
       138        155     1.00000e+00     3.94794e+00     6.41479e+00
       139        156     1.00000e+00     3.94614e+00     7.22219e+00
       140        157     1.00000e+00     3.94404e+00     1.14535e+01
       141        158     1.00000e+00     3.94177e+00     7.36199e+00
       142        159     1.00000e+00     3.94011e+00     6.20538e+00
       143        160     1.00000e+00     3.93839e+00     6.62824e+00
       144        161     1.00000e+00     3.93694e+00     1.17320e+01
       145        162     1.00000e+00     3.93475e+00     6.41665e+00
       146        163     1.00000e+00     3.93350e+00     5.73739e+00
       147        164     1.00000e+00     3.93208e+00     6.01243e+00
       148        165     1.00000e+00     3.93079e+00     1.20617e+01
       149        166     1.00000e+00     3.92861e+00     6.04317e+00
       150        167     1.00000e+00     3.92739e+00     5.33361e+00
       151        168     1.00000e+00     3.92602e+00     5.99208e+00
       152        169     1.00000e+00     3.92441e+00     9.43517e+00
       153        170     1.00000e+00     3.92253e+00     5.92690e+00
       154        171     1.00000e+00     3.92136e+00     4.84113e+00
       155        172     1.00000e+00     3.92022e+00     6.51545e+00
       156        173     1.00000e+00     3.91909e+00     7.23416e+00
       157        174     1.00000e+00     3.91774e+00     6.12825e+00
       158        175     1.00000e+00     3.91612e+00     9.84218e+00
       159        176     1.00000e+00     3.91482e+00     6.92669e+00
       160        177     1.00000e+00     3.91417e+00     5.11414e+00
       161        178     1.00000e+00     3.91304e+00     4.42646e+00
       162        179     1.00000e+00     3.91167e+00     5.26471e+00
       163        181     4.29760e-01     3.91069e+00     8.33688e+00
       164        182     1.00000e+00     3.90904e+00     5.37093e+00
       165        183     1.00000e+00     3.90777e+00     4.58407e+00
       166        184     1.00000e+00     3.90626e+00     5.05758e+00
       167        186     4.44340e-01     3.90566e+00     6.67198e+00
       168        187     1.00000e+00     3.90473e+00     4.79802e+00
       169        188     1.00000e+00     3.90367e+00     4.35070e+00
       170        189     1.00000e+00     3.90247e+00     6.49110e+00
       171        190     1.00000e+00     3.90132e+00     6.14086e+00
       172        191     1.00000e+00     3.90029e+00     4.73002e+00
       173        192     1.00000e+00     3.89888e+00     6.27683e+00
       174        193     1.00000e+00     3.89836e+00     7.16369e+00
       175        194     1.00000e+00     3.89779e+00     4.39489e+00
       176        195     1.00000e+00     3.89722e+00     3.80806e+00
       177        196     1.00000e+00     3.89664e+00     4.72849e+00
       178        197     1.00000e+00     3.89551e+00     5.64638e+00
       179        199     4.43633e-01     3.89470e+00     6.79996e+00
       180        200     1.00000e+00     3.89363e+00     4.21875e+00
       181        201     1.00000e+00     3.89285e+00     4.13003e+00
       182        202     1.00000e+00     3.89199e+00     4.76618e+00
       183        203     1.00000e+00     3.89173e+00     9.85676e+00
       184        204     1.00000e+00     3.89057e+00     4.21188e+00
       185        205     1.00000e+00     3.89013e+00     3.59475e+00
       186        206     1.00000e+00     3.88953e+00     4.23679e+00
       187        207     1.00000e+00     3.88871e+00     4.38415e+00
       188        209     3.71544e-01     3.88826e+00     6.45641e+00
       189        210     1.00000e+00     3.88735e+00     4.24929e+00
       190        211     1.00000e+00     3.88663e+00     3.71279e+00
       191        212     1.00000e+00     3.88565e+00     4.42459e+00
       192        214     4.43921e-01     3.88524e+00     5.40563e+00
       193        215     1.00000e+00     3.88468e+00     4.04595e+00
       194        216     1.00000e+00     3.88402e+00     3.42276e+00
       195        217     1.00000e+00     3.88333e+00     4.31831e+00
       196        218     1.00000e+00     3.88269e+00     6.78700e+00
       197        219     1.00000e+00     3.88189e+00     4.06176e+00
       198        220     1.00000e+00     3.88135e+00     3.50465e+00
       199        221     1.00000e+00     3.88089e+00     3.61416e+00
       200        222     1.00000e+00     3.88031e+00     4.47274e+00
       201        223     1.00000e+00     3.87979e+00     4.13681e+00
       202        224     1.00000e+00     3.87935e+00     3.18535e+00
       203        225     1.00000e+00     3.87871e+00     3.48291e+00
       204        226     1.00000e+00     3.87824e+00     5.42709e+00
       205        227     1.00000e+00     3.87773e+00     3.36309e+00
       206        228     1.00000e+00     3.87741e+00     3.01525e+00
       207        229     1.00000e+00     3.87701e+00     3.51042e+00
       208        230     1.00000e+00     3.87657e+00     5.39974e+00
       209        231     1.00000e+00     3.87597e+00     3.83479e+00
       210        232     1.00000e+00     3.87536e+00     2.98585e+00
       211        233     1.00000e+00     3.87487e+00     3.72862e+00
       212        234     1.00000e+00     3.87451e+00     4.70461e+00
       213        235     1.00000e+00     3.87411e+00     3.24701e+00
       214        236     1.00000e+00     3.87373e+00     3.01139e+00
       215        237     1.00000e+00     3.87338e+00     3.27700e+00
       216        238     1.00000e+00     3.87291e+00     4.48600e+00
       217        239     1.00000e+00     3.87250e+00     3.37657e+00
       218        240     1.00000e+00     3.87220e+00     2.84663e+00
       219        241     1.00000e+00     3.87185e+00     3.02901e+00
       220        242     1.00000e+00     3.87150e+00     3.64484e+00
       221        243     1.00000e+00     3.87109e+00     3.21247e+00
       222        244     1.00000e+00     3.87074e+00     3.75399e+00
       223        245     1.00000e+00     3.87041e+00     2.91314e+00
       224        246     1.00000e+00     3.87008e+00     3.02715e+00
       225        247     1.00000e+00     3.86968e+00     4.57278e+00
       226        248     1.00000e+00     3.86929e+00     2.99220e+00
       227        249     1.00000e+00     3.86908e+00     2.56093e+00
       228        250     1.00000e+00     3.86860e+00     2.89607e+00
       229        251     1.00000e+00     3.86847e+00     5.68827e+00
       230        252     1.00000e+00     3.86803e+00     2.66178e+00
       231        253     1.00000e+00     3.86782e+00     2.25942e+00
       232        254     1.00000e+00     3.86762e+00     2.57823e+00
       233        255     1.00000e+00     3.86730e+00     2.82677e+00
       234        257     4.72024e-01     3.86706e+00     3.70989e+00
       235        258     1.00000e+00     3.86671e+00     2.28154e+00
       236        259     1.00000e+00     3.86641e+00     2.37504e+00
       237        260     1.00000e+00     3.86611e+00     3.34670e+00
       238        261     1.00000e+00     3.86588e+00     3.36464e+00
       239        262     1.00000e+00     3.86570e+00     2.24673e+00
       240        263     1.00000e+00     3.86550e+00     2.35362e+00
       241        264     1.00000e+00     3.86532e+00     2.68173e+00
       242        265     1.00000e+00     3.86501e+00     4.46766e+00
       243        266     1.00000e+00     3.86465e+00     2.70089e+00
       244        267     1.00000e+00     3.86445e+00     2.30203e+00
       245        268     1.00000e+00     3.86423e+00     2.35041e+00
       246        269     1.00000e+00     3.86413e+00     4.06059e+00
       247        270     1.00000e+00     3.86393e+00     2.32040e+00
       248        271     1.00000e+00     3.86376e+00     2.07965e+00
       249        272     1.00000e+00     3.86359e+00     2.72925e+00
       250        273     1.00000e+00     3.86328e+00     3.03275e+00
       251        275     3.90270e-01     3.86310e+00     3.56263e+00
       252        276     1.00000e+00     3.86283e+00     2.06803e+00
       253        277     1.00000e+00     3.86269e+00     1.85889e+00
       254        278     1.00000e+00     3.86252e+00     2.14300e+00
       255        279     1.00000e+00     3.86230e+00     3.28468e+00
       256        280     1.00000e+00     3.86204e+00     2.30352e+00
       257        281     1.00000e+00     3.86184e+00     1.85806e+00
       258        282     1.00000e+00     3.86159e+00     2.50710e+00
       259        283     1.00000e+00     3.86150e+00     3.75958e+00
       260        284     1.00000e+00     3.86134e+00     2.18171e+00
       261        285     1.00000e+00     3.86119e+00     1.85653e+00
       262        286     1.00000e+00     3.86106e+00     2.28827e+00
       263        287     1.00000e+00     3.86080e+00     2.48305e+00
       264        288     1.00000e+00     3.86074e+00     6.03426e+00
       265        289     1.00000e+00     3.86032e+00     2.18793e+00
       266        290     1.00000e+00     3.86021e+00     1.62575e+00
       267        291     1.00000e+00     3.86007e+00     1.97916e+00
       268        292     1.00000e+00     3.85987e+00     2.29619e+00
       269        294     5.13504e-01     3.85970e+00     3.06965e+00
       270        295     1.00000e+00     3.85947e+00     1.93201e+00
       271        296     1.00000e+00     3.85933e+00     1.78158e+00
       272        297     1.00000e+00     3.85920e+00     2.12302e+00
       273        298     1.00000e+00     3.85906e+00     2.48725e+00
       274        299     1.00000e+00     3.85889e+00     1.85210e+00
       275        300     1.00000e+00     3.85870e+00     1.82790e+00
       276        301     1.00000e+00     3.85857e+00     2.63034e+00
       277        302     1.00000e+00     3.85843e+00     1.92240e+00
       278        303     1.00000e+00     3.85829e+00     1.67447e+00
       279        304     1.00000e+00     3.85814e+00     1.79590e+00
       280        305     1.00000e+00     3.85809e+00     3.73866e+00
       281        306     1.00000e+00     3.85791e+00     1.91647e+00
       282        307     1.00000e+00     3.85780e+00     1.61512e+00
       283        308     1.00000e+00     3.85768e+00     1.98021e+00
       284        309     1.00000e+00     3.85751e+00     2.06748e+00
       285        311     4.08033e-01     3.85739e+00     3.07330e+00
       286        312     1.00000e+00     3.85718e+00     1.86831e+00
       287        313     1.00000e+00     3.85705e+00     1.64058e+00
       288        314     1.00000e+00     3.85692e+00     2.40719e+00
       289        315     1.00000e+00     3.85679e+00     1.98834e+00
       290        316     1.00000e+00     3.85664e+00     1.72019e+00
       291        317     1.00000e+00     3.85648e+00     2.62504e+00
       292        318     1.00000e+00     3.85636e+00     2.36540e+00
       293        319     1.00000e+00     3.85628e+00     1.74130e+00
       294        320     1.00000e+00     3.85616e+00     1.57305e+00
       295        321     1.00000e+00     3.85607e+00     1.76952e+00
       296        322     1.00000e+00     3.85593e+00     2.79259e+00
       297        323     1.00000e+00     3.85574e+00     1.87604e+00
       298        324     1.00000e+00     3.85560e+00     1.69006e+00
       299        325     1.00000e+00     3.85548e+00     1.74477e+00
       300        326     1.00000e+00     3.85542e+00     2.89156e+00
       301        327     1.00000e+00     3.85531e+00     1.58430e+00
       302        328     1.00000e+00     3.85522e+00     1.56248e+00
       303        329     1.00000e+00     3.85510e+00     1.84427e+00
       304        330     1.00000e+00     3.85491e+00     2.23439e+00
       305        332     3.94292e-01     3.85481e+00     2.33293e+00
       306        333     1.00000e+00     3.85470e+00     1.48014e+00
       307        334     1.00000e+00     3.85463e+00     1.45147e+00
       308        335     1.00000e+00     3.85455e+00     1.82147e+00
       309        336     1.00000e+00     3.85443e+00     2.19246e+00
       310        337     1.00000e+00     3.85429e+00     1.86231e+00
       311        338     1.00000e+00     3.85416e+00     1.61089e+00
       312        339     1.00000e+00     3.85409e+00     2.30937e+00
       313        340     1.00000e+00     3.85403e+00     1.60978e+00
       314        341     1.00000e+00     3.85394e+00     1.44125e+00
       315        342     1.00000e+00     3.85385e+00     1.74269e+00
       316        343     1.00000e+00     3.85372e+00     2.01835e+00
       317        345     4.98740e-01     3.85362e+00     2.43006e+00
       318        346     1.00000e+00     3.85349e+00     1.57732e+00
       319        347     1.00000e+00     3.85341e+00     1.42943e+00
       320        348     1.00000e+00     3.85334e+00     1.56137e+00
       321        349     1.00000e+00     3.85325e+00     2.16494e+00
       322        350     1.00000e+00     3.85314e+00     1.50060e+00
       323        351     1.00000e+00     3.85303e+00     1.51572e+00
       324        352     1.00000e+00     3.85294e+00     1.62535e+00
       325        353     1.00000e+00     3.85290e+00     2.71867e+00
       326        354     1.00000e+00     3.85281e+00     1.33714e+00
       327        355     1.00000e+00     3.85276e+00     1.29393e+00
       328        356     1.00000e+00     3.85268e+00     1.54864e+00
       329        357     1.00000e+00     3.85254e+00     1.78745e+00
       330        359     3.11801e-01     3.85248e+00     2.33889e+00
       331        360     1.00000e+00     3.85235e+00     1.46054e+00
       332        361     1.00000e+00     3.85228e+00     1.21639e+00
       333        362     1.00000e+00     3.85221e+00     1.45927e+00
       334        363     1.00000e+00     3.85214e+00     1.91031e+00
       335        364     1.00000e+00     3.85204e+00     1.51591e+00
       336        365     1.00000e+00     3.85190e+00     1.43386e+00
       337        366     1.00000e+00     3.85181e+00     2.08173e+00
       338        367     1.00000e+00     3.85173e+00     1.43498e+00
       339        368     1.00000e+00     3.85168e+00     1.26436e+00
       340        369     1.00000e+00     3.85160e+00     1.34149e+00
       341        370     1.00000e+00     3.85151e+00     2.38367e+00
       342        371     1.00000e+00     3.85140e+00     1.42558e+00
       343        372     1.00000e+00     3.85133e+00     1.24757e+00
       344        373     1.00000e+00     3.85124e+00     1.31016e+00
       345        374     1.00000e+00     3.85120e+00     2.46708e+00
       346        375     1.00000e+00     3.85111e+00     1.38720e+00
       347        376     1.00000e+00     3.85105e+00     1.22382e+00
       348        377     1.00000e+00     3.85098e+00     1.37567e+00
       349        378     1.00000e+00     3.85087e+00     1.46336e+00
       350        380     2.43674e-01     3.85082e+00     1.88826e+00
       351        381     1.00000e+00     3.85073e+00     1.27476e+00
       352        382     1.00000e+00     3.85067e+00     1.20885e+00
       353        383     1.00000e+00     3.85059e+00     1.89879e+00
       354        384     1.00000e+00     3.85051e+00     1.58363e+00
       355        385     1.00000e+00     3.85044e+00     1.30837e+00
       356        386     1.00000e+00     3.85035e+00     1.79572e+00
       357        387     1.00000e+00     3.85030e+00     1.67377e+00
       358        388     1.00000e+00     3.85025e+00     1.28740e+00
       359        389     1.00000e+00     3.85017e+00     1.24616e+00
       360        390     1.00000e+00     3.85011e+00     1.31610e+00
       361        391     1.00000e+00     3.85004e+00     2.28852e+00
       362        392     1.00000e+00     3.84992e+00     1.27147e+00
       363        393     1.00000e+00     3.84987e+00     1.19203e+00
       364        394     1.00000e+00     3.84982e+00     1.49220e+00
       365        395     1.00000e+00     3.84976e+00     1.43940e+00
       366        396     1.00000e+00     3.84971e+00     1.20357e+00
       367        397     1.00000e+00     3.84958e+00     1.45288e+00
       368        399     4.59187e-01     3.84954e+00     1.58173e+00
       369        400     1.00000e+00     3.84949e+00     1.31483e+00
       370        401     1.00000e+00     3.84940e+00     1.15889e+00
       371        402     1.00000e+00     3.84937e+00     2.12089e+00
       372        403     1.00000e+00     3.84932e+00     1.32709e+00
       373        404     1.00000e+00     3.84926e+00     1.11097e+00
       374        405     1.00000e+00     3.84919e+00     1.35857e+00
       375        406     1.00000e+00     3.84910e+00     1.42635e+00
       376        408     2.33034e-01     3.84907e+00     1.83117e+00
       377        409     1.00000e+00     3.84900e+00     1.19381e+00
       378        410     1.00000e+00     3.84895e+00     1.00677e+00
       379        411     1.00000e+00     3.84888e+00     1.21484e+00
       380        412     1.00000e+00     3.84881e+00     1.56809e+00
       381        413     1.00000e+00     3.84874e+00     1.94675e+00
       382        414     1.00000e+00     3.84867e+00     1.13139e+00
       383        415     1.00000e+00     3.84862e+00     1.12069e+00
       384        416     1.00000e+00     3.84858e+00     1.11319e+00
       385        417     1.00000e+00     3.84851e+00     2.01879e+00
       386        418     1.00000e+00     3.84842e+00     1.06989e+00
       387        419     1.00000e+00     3.84838e+00     1.05631e+00
       388        420     1.00000e+00     3.84830e+00     1.10073e+00
       389        422     3.82814e-01     3.84827e+00     1.40300e+00
       390        423     1.00000e+00     3.84823e+00     1.03562e+00
       391        424     1.00000e+00     3.84818e+00     1.04913e+00
       392        425     1.00000e+00     3.84812e+00     1.31177e+00
       393        426     1.00000e+00     3.84810e+00     2.13569e+00
       394        427     1.00000e+00     3.84804e+00     1.03663e+00
       395        428     1.00000e+00     3.84801e+00     9.52045e-01
       396        429     1.00000e+00     3.84797e+00     1.11721e+00
       397        430     1.00000e+00     3.84791e+00     1.23139e+00
       398        432     3.65925e-01     3.84788e+00     1.79025e+00
       399        433     1.00000e+00     3.84781e+00     1.16410e+00
       400        434     1.00000e+00     3.84776e+00     9.12341e-01
Exceeded Maximum Number of Iterations
Saving learned features and preprocessing matrices...
Saved
>> 