>> stlExercise
# examples in unlabeled set: 29404
# examples in supervised training set: 15298

# examples in supervised testing set: 15298


ans =

      314584           1

 Iteration   FunEvals     Step Length    Function Val        Opt Cond
         1          5     3.14042e-02     1.10341e+02     8.61013e+03
         2          6     1.00000e+00     9.12989e+01     4.39505e+03
         3          7     1.00000e+00     8.37458e+01     1.99297e+03
         4          8     1.00000e+00     7.94371e+01     2.03601e+03
         5          9     1.00000e+00     7.11963e+01     2.72119e+03
         6         10     1.00000e+00     5.43699e+01     2.97556e+03
         7         11     1.00000e+00     3.28538e+01     8.71657e+02
         8         12     1.00000e+00     3.04618e+01     6.57602e+02
         9         13     1.00000e+00     2.96826e+01     5.91401e+02
        10         14     1.00000e+00     2.88646e+01     3.81858e+02
        11         15     1.00000e+00     2.84462e+01     2.61841e+02
        12         16     1.00000e+00     2.82696e+01     1.99413e+02
        13         17     1.00000e+00     2.82167e+01     1.60987e+02
        14         18     1.00000e+00     2.79783e+01     2.63226e+02
        15         19     1.00000e+00     2.77569e+01     3.69629e+02
        16         20     1.00000e+00     2.72558e+01     4.89107e+02
        17         22     5.02334e-01     2.70721e+01     5.00636e+02
        18         23     1.00000e+00     2.67109e+01     3.60841e+02
        19         24     1.00000e+00     2.64206e+01     2.14139e+02
        20         25     1.00000e+00     2.62698e+01     3.07065e+02
        21         26     1.00000e+00     2.59598e+01     3.85627e+02
        22         27     1.00000e+00     2.52275e+01     4.51526e+02
        23         28     1.00000e+00     2.43749e+01     3.73215e+02
        24         29     1.00000e+00     2.35136e+01     2.41608e+02
        25         30     1.00000e+00     2.32759e+01     3.79226e+02
        26         31     1.00000e+00     2.30305e+01     2.74765e+02
        27         32     1.00000e+00     2.26865e+01     2.32425e+02
        28         33     1.00000e+00     2.21389e+01     3.17772e+02
        29         34     1.00000e+00     2.14929e+01     4.22317e+02
        30         35     1.00000e+00     2.11107e+01     3.58252e+02
        31         36     1.00000e+00     2.08536e+01     2.80038e+02
        32         37     1.00000e+00     2.05790e+01     2.22458e+02
        33         38     1.00000e+00     2.04410e+01     1.95838e+02
        34         39     1.00000e+00     2.02936e+01     2.03735e+02
        35         40     1.00000e+00     2.01253e+01     2.27127e+02
        36         41     1.00000e+00     1.98281e+01     2.96978e+02
        37         42     1.00000e+00     1.94294e+01     3.36309e+02
        38         43     1.00000e+00     1.89400e+01     3.04432e+02
        39         44     1.00000e+00     1.84919e+01     2.22729e+02
        40         45     1.00000e+00     1.82180e+01     1.76245e+02
        41         46     1.00000e+00     1.81078e+01     1.66400e+02
        42         47     1.00000e+00     1.79966e+01     1.46572e+02
        43         48     1.00000e+00     1.78797e+01     1.46461e+02
        44         49     1.00000e+00     1.77082e+01     1.43363e+02
        45         50     1.00000e+00     1.74910e+01     1.57014e+02
        46         51     1.00000e+00     1.72193e+01     1.81094e+02
        47         52     1.00000e+00     1.69742e+01     1.69319e+02
        48         53     1.00000e+00     1.67789e+01     1.33028e+02
        49         54     1.00000e+00     1.66459e+01     1.24879e+02
        50         55     1.00000e+00     1.65761e+01     1.21972e+02
        51         56     1.00000e+00     1.65093e+01     1.05639e+02
        52         57     1.00000e+00     1.64063e+01     1.15165e+02
        53         58     1.00000e+00     1.62587e+01     1.41089e+02
        54         59     1.00000e+00     1.60742e+01     2.17258e+02
        55         60     1.00000e+00     1.58756e+01     1.68206e+02
        56         61     1.00000e+00     1.57444e+01     1.22832e+02
        57         62     1.00000e+00     1.56732e+01     1.09241e+02
        58         63     1.00000e+00     1.56202e+01     1.01090e+02
        59         64     1.00000e+00     1.55363e+01     1.17570e+02
        60         65     1.00000e+00     1.54366e+01     1.34043e+02
        61         66     1.00000e+00     1.53514e+01     1.68456e+02
        62         67     1.00000e+00     1.52344e+01     1.06437e+02
        63         68     1.00000e+00     1.51154e+01     8.61998e+01
        64         69     1.00000e+00     1.50161e+01     1.06411e+02
        65         70     1.00000e+00     1.49539e+01     1.44880e+02
        66         71     1.00000e+00     1.48819e+01     8.98056e+01
        67         72     1.00000e+00     1.48508e+01     6.98308e+01
        68         73     1.00000e+00     1.48142e+01     8.30323e+01
        69         74     1.00000e+00     1.47617e+01     1.07808e+02
        70         75     1.00000e+00     1.46722e+01     1.26394e+02
        71         76     1.00000e+00     1.45763e+01     1.37237e+02
        72         77     1.00000e+00     1.44757e+01     9.98838e+01
        73         78     1.00000e+00     1.43976e+01     9.25156e+01
        74         79     1.00000e+00     1.43614e+01     8.55230e+01
        75         80     1.00000e+00     1.42941e+01     8.41898e+01
        76         81     1.00000e+00     1.42384e+01     9.88675e+01
        77         82     1.00000e+00     1.41867e+01     8.34236e+01
        78         83     1.00000e+00     1.41420e+01     6.97416e+01
        79         84     1.00000e+00     1.41132e+01     6.84806e+01
        80         85     1.00000e+00     1.40784e+01     7.45557e+01
        81         86     1.00000e+00     1.39975e+01     9.86632e+01
        82         87     1.00000e+00     1.39407e+01     1.25452e+02
        83         88     1.00000e+00     1.38781e+01     8.06462e+01
        84         89     1.00000e+00     1.38465e+01     5.65561e+01
        85         90     1.00000e+00     1.38307e+01     5.82359e+01
        86         91     1.00000e+00     1.37999e+01     7.52307e+01
        87         92     1.00000e+00     1.37367e+01     9.08487e+01
        88         93     1.00000e+00     1.37001e+01     1.10073e+02
        89         94     1.00000e+00     1.36524e+01     6.03069e+01
        90         95     1.00000e+00     1.36243e+01     5.17914e+01
        91         96     1.00000e+00     1.36014e+01     6.57208e+01
        92         97     1.00000e+00     1.35617e+01     7.54081e+01
        93         98     1.00000e+00     1.35388e+01     1.00344e+02
        94         99     1.00000e+00     1.35034e+01     5.14088e+01
        95        100     1.00000e+00     1.34887e+01     4.20061e+01
        96        101     1.00000e+00     1.34728e+01     5.84062e+01
        97        102     1.00000e+00     1.34449e+01     7.71437e+01
        98        103     1.00000e+00     1.33968e+01     8.74721e+01
        99        104     1.00000e+00     1.33606e+01     1.02011e+02
       100        105     1.00000e+00     1.33258e+01     5.54234e+01
       101        106     1.00000e+00     1.33132e+01     3.99620e+01
       102        107     1.00000e+00     1.33044e+01     4.39407e+01
       103        108     1.00000e+00     1.32851e+01     5.95244e+01
       104        109     1.00000e+00     1.32454e+01     8.19535e+01
       105        110     1.00000e+00     1.32033e+01     9.69065e+01
       106        111     1.00000e+00     1.31692e+01     7.13987e+01
       107        112     1.00000e+00     1.31541e+01     4.47088e+01
       108        113     1.00000e+00     1.31449e+01     4.58256e+01
       109        114     1.00000e+00     1.31383e+01     3.98819e+01
       110        115     1.00000e+00     1.31258e+01     4.44203e+01
       111        116     1.00000e+00     1.30944e+01     6.39307e+01
       112        117     1.00000e+00     1.30624e+01     7.42350e+01
       113        118     1.00000e+00     1.30437e+01     7.36389e+01
       114        119     1.00000e+00     1.30273e+01     4.94823e+01
       115        120     1.00000e+00     1.30192e+01     4.59821e+01
       116        121     1.00000e+00     1.30116e+01     3.17538e+01
       117        122     1.00000e+00     1.30059e+01     3.85655e+01
       118        123     1.00000e+00     1.29923e+01     4.61346e+01
       119        124     1.00000e+00     1.29570e+01     5.40596e+01
       120        125     1.00000e+00     1.29362e+01     9.60748e+01
       121        126     1.00000e+00     1.29015e+01     4.00885e+01
       122        127     1.00000e+00     1.28964e+01     2.93623e+01
       123        128     1.00000e+00     1.28898e+01     2.98930e+01
       124        129     1.00000e+00     1.28715e+01     4.44679e+01
       125        130     1.00000e+00     1.28465e+01     5.29864e+01
       126        131     1.00000e+00     1.28347e+01     9.17730e+01
       127        132     1.00000e+00     1.28064e+01     4.17604e+01
       128        133     1.00000e+00     1.27967e+01     3.22279e+01
       129        134     1.00000e+00     1.27879e+01     3.82364e+01
       130        135     1.00000e+00     1.27763e+01     4.28060e+01
       131        136     1.00000e+00     1.27588e+01     4.98877e+01
       132        137     1.00000e+00     1.27460e+01     5.48975e+01
       133        138     1.00000e+00     1.27314e+01     3.48862e+01
       134        139     1.00000e+00     1.27206e+01     3.59743e+01
       135        140     1.00000e+00     1.27111e+01     4.06162e+01
       136        141     1.00000e+00     1.26927e+01     4.99868e+01
       137        142     1.00000e+00     1.26747e+01     5.43592e+01
       138        143     1.00000e+00     1.26570e+01     4.05745e+01
       139        144     1.00000e+00     1.26381e+01     3.69301e+01
       140        145     1.00000e+00     1.26299e+01     3.77502e+01
       141        146     1.00000e+00     1.26179e+01     3.24072e+01
       142        147     1.00000e+00     1.26070e+01     3.91486e+01
       143        148     1.00000e+00     1.25932e+01     4.00840e+01
       144        149     1.00000e+00     1.25749e+01     4.43401e+01
       145        150     1.00000e+00     1.25653e+01     6.19367e+01
       146        151     1.00000e+00     1.25491e+01     2.99459e+01
       147        152     1.00000e+00     1.25417e+01     2.73748e+01
       148        153     1.00000e+00     1.25339e+01     3.18124e+01
       149        154     1.00000e+00     1.25232e+01     4.00874e+01
       150        155     1.00000e+00     1.25082e+01     3.38833e+01
       151        156     1.00000e+00     1.24931e+01     3.08938e+01
       152        157     1.00000e+00     1.24728e+01     4.46819e+01
       153        158     1.00000e+00     1.24629e+01     4.69697e+01
       154        159     1.00000e+00     1.24516e+01     3.64603e+01
       155        160     1.00000e+00     1.24394e+01     3.02934e+01
       156        161     1.00000e+00     1.24331e+01     3.32185e+01
       157        162     1.00000e+00     1.24239e+01     3.58997e+01
       158        163     1.00000e+00     1.24144e+01     5.01327e+01
       159        164     1.00000e+00     1.24015e+01     3.15039e+01
       160        165     1.00000e+00     1.23891e+01     2.87946e+01
       161        166     1.00000e+00     1.23731e+01     3.69203e+01
       162        167     1.00000e+00     1.23662e+01     4.68152e+01
       163        168     1.00000e+00     1.23563e+01     3.10613e+01
       164        169     1.00000e+00     1.23474e+01     2.57208e+01
       165        170     1.00000e+00     1.23391e+01     3.01805e+01
       166        171     1.00000e+00     1.23285e+01     3.42239e+01
       167        172     1.00000e+00     1.23264e+01     5.07601e+01
       168        173     1.00000e+00     1.23136e+01     2.56678e+01
       169        174     1.00000e+00     1.23069e+01     2.31538e+01
       170        175     1.00000e+00     1.22954e+01     2.96679e+01
       171        176     1.00000e+00     1.22830e+01     3.25127e+01
       172        178     3.58659e-01     1.22778e+01     3.77845e+01
       173        179     1.00000e+00     1.22695e+01     2.50964e+01
       174        180     1.00000e+00     1.22638e+01     2.32731e+01
       175        181     1.00000e+00     1.22574e+01     3.10588e+01
       176        182     1.00000e+00     1.22479e+01     3.73180e+01
       177        183     1.00000e+00     1.22373e+01     4.55839e+01
       178        184     1.00000e+00     1.22269e+01     3.31375e+01
       179        185     1.00000e+00     1.22206e+01     2.31696e+01
       180        186     1.00000e+00     1.22156e+01     2.56707e+01
       181        187     1.00000e+00     1.22100e+01     3.03631e+01
       182        188     1.00000e+00     1.22012e+01     3.48015e+01
       183        189     1.00000e+00     1.21939e+01     3.41562e+01
       184        190     1.00000e+00     1.21874e+01     2.50479e+01
       185        191     1.00000e+00     1.21770e+01     2.79229e+01
       186        192     1.00000e+00     1.21687e+01     3.25095e+01
       187        193     1.00000e+00     1.21609e+01     4.86839e+01
       188        194     1.00000e+00     1.21511e+01     2.44437e+01
       189        195     1.00000e+00     1.21477e+01     1.94586e+01
       190        196     1.00000e+00     1.21429e+01     2.25348e+01
       191        197     1.00000e+00     1.21371e+01     2.78507e+01
       192        198     1.00000e+00     1.21281e+01     3.35701e+01
       193        199     1.00000e+00     1.21192e+01     3.38461e+01
       194        200     1.00000e+00     1.21099e+01     2.53040e+01
       195        201     1.00000e+00     1.20997e+01     2.60562e+01
       196        202     1.00000e+00     1.20936e+01     3.17718e+01
       197        203     1.00000e+00     1.20869e+01     2.26784e+01
       198        204     1.00000e+00     1.20820e+01     2.11435e+01
       199        205     1.00000e+00     1.20774e+01     2.40059e+01
       200        206     1.00000e+00     1.20701e+01     2.77375e+01
       201        207     1.00000e+00     1.20640e+01     4.65468e+01
       202        208     1.00000e+00     1.20535e+01     2.48527e+01
       203        209     1.00000e+00     1.20479e+01     2.14608e+01
       204        210     1.00000e+00     1.20424e+01     2.46172e+01
       205        211     1.00000e+00     1.20376e+01     3.58546e+01
       206        212     1.00000e+00     1.20316e+01     2.08750e+01
       207        213     1.00000e+00     1.20277e+01     1.91246e+01
       208        214     1.00000e+00     1.20237e+01     2.49828e+01
       209        215     1.00000e+00     1.20169e+01     3.04022e+01
       210        216     1.00000e+00     1.20092e+01     3.85605e+01
       211        217     1.00000e+00     1.20004e+01     2.49257e+01
       212        218     1.00000e+00     1.19950e+01     1.95435e+01
       213        219     1.00000e+00     1.19927e+01     2.19542e+01
       214        220     1.00000e+00     1.19886e+01     2.61581e+01
       215        221     1.00000e+00     1.19816e+01     2.62198e+01
       216        222     1.00000e+00     1.19737e+01     3.22141e+01
       217        223     1.00000e+00     1.19682e+01     2.59086e+01
       218        224     1.00000e+00     1.19656e+01     2.13002e+01
       219        225     1.00000e+00     1.19625e+01     2.15962e+01
       220        226     1.00000e+00     1.19584e+01     2.24186e+01
       221        227     1.00000e+00     1.19517e+01     2.65564e+01
       222        228     1.00000e+00     1.19458e+01     2.69505e+01
       223        229     1.00000e+00     1.19414e+01     2.54967e+01
       224        230     1.00000e+00     1.19376e+01     2.56117e+01
       225        231     1.00000e+00     1.19337e+01     2.48927e+01
       226        232     1.00000e+00     1.19283e+01     2.34721e+01
       227        233     1.00000e+00     1.19247e+01     2.13914e+01
       228        234     1.00000e+00     1.19222e+01     1.98631e+01
       229        235     1.00000e+00     1.19191e+01     2.21129e+01
       230        236     1.00000e+00     1.19155e+01     2.44695e+01
       231        237     1.00000e+00     1.19098e+01     3.24667e+01
       232        238     1.00000e+00     1.19036e+01     2.20103e+01
       233        239     1.00000e+00     1.18988e+01     1.81107e+01
       234        240     1.00000e+00     1.18944e+01     2.13505e+01
       235        241     1.00000e+00     1.18915e+01     2.26553e+01
       236        242     1.00000e+00     1.18876e+01     1.95235e+01
       237        243     1.00000e+00     1.18837e+01     2.51740e+01
       238        244     1.00000e+00     1.18805e+01     1.73028e+01
       239        245     1.00000e+00     1.18788e+01     1.51088e+01
       240        246     1.00000e+00     1.18751e+01     1.94078e+01
       241        247     1.00000e+00     1.18720e+01     2.41792e+01
       242        248     1.00000e+00     1.18679e+01     2.28485e+01
       243        249     1.00000e+00     1.18606e+01     3.26477e+01
       244        250     1.00000e+00     1.18574e+01     2.46713e+01
       245        251     1.00000e+00     1.18550e+01     1.43003e+01
       246        252     1.00000e+00     1.18539e+01     1.28093e+01
       247        253     1.00000e+00     1.18501e+01     1.69228e+01
       248        254     1.00000e+00     1.18462e+01     1.85847e+01
       249        256     4.68281e-01     1.18437e+01     2.06645e+01
       250        257     1.00000e+00     1.18401e+01     1.55462e+01
       251        258     1.00000e+00     1.18375e+01     1.68452e+01
       252        259     1.00000e+00     1.18348e+01     1.94074e+01
       253        260     1.00000e+00     1.18314e+01     2.67197e+01
       254        261     1.00000e+00     1.18274e+01     1.94613e+01
       255        262     1.00000e+00     1.18237e+01     1.69360e+01
       256        263     1.00000e+00     1.18209e+01     1.94120e+01
       257        264     1.00000e+00     1.18189e+01     1.94570e+01
       258        265     1.00000e+00     1.18163e+01     1.74246e+01
       259        266     1.00000e+00     1.18137e+01     1.84326e+01
       260        267     1.00000e+00     1.18113e+01     1.79099e+01
       261        268     1.00000e+00     1.18080e+01     1.99496e+01
       262        269     1.00000e+00     1.18051e+01     2.10290e+01
       263        270     1.00000e+00     1.18030e+01     2.21547e+01
       264        271     1.00000e+00     1.18008e+01     1.49964e+01
       265        272     1.00000e+00     1.17976e+01     1.47414e+01
       266        273     1.00000e+00     1.17950e+01     1.72779e+01
       267        274     1.00000e+00     1.17924e+01     2.35731e+01
       268        275     1.00000e+00     1.17895e+01     1.43724e+01
       269        276     1.00000e+00     1.17876e+01     1.23681e+01
       270        277     1.00000e+00     1.17834e+01     1.82179e+01
       271        278     1.00000e+00     1.17813e+01     1.95450e+01
       272        279     1.00000e+00     1.17791e+01     1.53137e+01
       273        280     1.00000e+00     1.17775e+01     1.28307e+01
       274        281     1.00000e+00     1.17763e+01     1.35291e+01
       275        282     1.00000e+00     1.17735e+01     1.72656e+01
       276        283     1.00000e+00     1.17703e+01     2.14427e+01
       277        284     1.00000e+00     1.17681e+01     1.85880e+01
       278        285     1.00000e+00     1.17666e+01     1.23748e+01
       279        286     1.00000e+00     1.17652e+01     1.19896e+01
       280        287     1.00000e+00     1.17635e+01     1.45668e+01
       281        288     1.00000e+00     1.17601e+01     1.76086e+01
       282        290     4.17094e-01     1.17587e+01     2.00041e+01
       283        291     1.00000e+00     1.17567e+01     1.32476e+01
       284        292     1.00000e+00     1.17554e+01     1.06401e+01
       285        293     1.00000e+00     1.17545e+01     1.28873e+01
       286        294     1.00000e+00     1.17528e+01     1.59022e+01
       287        295     1.00000e+00     1.17500e+01     2.09822e+01
       288        296     1.00000e+00     1.17480e+01     1.86690e+01
       289        297     1.00000e+00     1.17463e+01     1.21581e+01
       290        298     1.00000e+00     1.17450e+01     1.19474e+01
       291        299     1.00000e+00     1.17438e+01     1.42393e+01
       292        300     1.00000e+00     1.17415e+01     1.59496e+01
       293        301     1.00000e+00     1.17406e+01     2.15709e+01
       294        302     1.00000e+00     1.17388e+01     1.22669e+01
       295        303     1.00000e+00     1.17379e+01     9.92181e+00
       296        304     1.00000e+00     1.17367e+01     1.30943e+01
       297        305     1.00000e+00     1.17347e+01     1.73920e+01
       298        306     1.00000e+00     1.17327e+01     1.86155e+01
       299        307     1.00000e+00     1.17309e+01     1.59335e+01
       300        308     1.00000e+00     1.17298e+01     1.06879e+01
       301        309     1.00000e+00     1.17286e+01     1.14242e+01
       302        310     1.00000e+00     1.17275e+01     1.43588e+01
       303        311     1.00000e+00     1.17249e+01     1.82909e+01
       304        313     4.62671e-01     1.17239e+01     1.79936e+01
       305        314     1.00000e+00     1.17223e+01     1.29742e+01
       306        315     1.00000e+00     1.17212e+01     9.10814e+00
       307        316     1.00000e+00     1.17205e+01     1.04729e+01
       308        317     1.00000e+00     1.17193e+01     1.44391e+01
       309        318     1.00000e+00     1.17176e+01     1.71295e+01
       310        319     1.00000e+00     1.17161e+01     2.25814e+01
       311        320     1.00000e+00     1.17139e+01     1.33885e+01
       312        321     1.00000e+00     1.17124e+01     1.02574e+01
       313        322     1.00000e+00     1.17114e+01     9.84604e+00
       314        323     1.00000e+00     1.17106e+01     1.04435e+01
       315        324     1.00000e+00     1.17095e+01     1.23338e+01
       316        325     1.00000e+00     1.17084e+01     1.20171e+01
       317        326     1.00000e+00     1.17059e+01     1.36474e+01
       318        327     1.00000e+00     1.17041e+01     1.36897e+01
       319        329     5.16740e-01     1.17032e+01     1.25533e+01
       320        330     1.00000e+00     1.17023e+01     8.69432e+00
       321        331     1.00000e+00     1.17018e+01     9.43935e+00
       322        332     1.00000e+00     1.17011e+01     1.18052e+01
       323        333     1.00000e+00     1.16999e+01     1.46111e+01
       324        334     1.00000e+00     1.16986e+01     1.72441e+01
       325        335     1.00000e+00     1.16971e+01     1.27747e+01
       326        336     1.00000e+00     1.16960e+01     9.23604e+00
       327        337     1.00000e+00     1.16952e+01     9.24611e+00
       328        338     1.00000e+00     1.16943e+01     1.09548e+01
       329        339     1.00000e+00     1.16931e+01     1.43330e+01
       330        340     1.00000e+00     1.16919e+01     1.15185e+01
       331        341     1.00000e+00     1.16911e+01     8.46119e+00
       332        342     1.00000e+00     1.16903e+01     9.20070e+00
       333        343     1.00000e+00     1.16897e+01     1.01439e+01
       334        344     1.00000e+00     1.16884e+01     1.13234e+01
       335        345     1.00000e+00     1.16870e+01     1.53893e+01
       336        346     1.00000e+00     1.16859e+01     1.06288e+01
       337        347     1.00000e+00     1.16854e+01     8.15779e+00
       338        348     1.00000e+00     1.16848e+01     8.31148e+00
       339        349     1.00000e+00     1.16842e+01     9.80647e+00
       340        350     1.00000e+00     1.16829e+01     1.27903e+01
       341        351     1.00000e+00     1.16818e+01     1.35021e+01
       342        352     1.00000e+00     1.16808e+01     1.03708e+01
       343        353     1.00000e+00     1.16802e+01     8.86740e+00
       344        354     1.00000e+00     1.16797e+01     9.11195e+00
       345        355     1.00000e+00     1.16788e+01     1.04948e+01
       346        356     1.00000e+00     1.16781e+01     1.11695e+01
       347        357     1.00000e+00     1.16774e+01     9.15746e+00
       348        358     1.00000e+00     1.16767e+01     9.50136e+00
       349        359     1.00000e+00     1.16759e+01     1.06952e+01
       350        360     1.00000e+00     1.16746e+01     1.22802e+01
       351        361     1.00000e+00     1.16740e+01     1.18548e+01
       352        362     1.00000e+00     1.16734e+01     7.78727e+00
       353        363     1.00000e+00     1.16730e+01     7.25126e+00
       354        364     1.00000e+00     1.16726e+01     8.12463e+00
       355        365     1.00000e+00     1.16717e+01     1.05362e+01
       356        366     1.00000e+00     1.16711e+01     1.37083e+01
       357        367     1.00000e+00     1.16701e+01     8.54127e+00
       358        368     1.00000e+00     1.16695e+01     6.62418e+00
       359        369     1.00000e+00     1.16691e+01     7.47014e+00
       360        370     1.00000e+00     1.16684e+01     9.15205e+00
       361        371     1.00000e+00     1.16677e+01     1.26677e+01
       362        372     1.00000e+00     1.16668e+01     8.47255e+00
       363        373     1.00000e+00     1.16663e+01     6.62051e+00
       364        374     1.00000e+00     1.16659e+01     7.52742e+00
       365        375     1.00000e+00     1.16654e+01     9.09490e+00
       366        376     1.00000e+00     1.16645e+01     9.55653e+00
       367        377     1.00000e+00     1.16638e+01     9.80205e+00
       368        378     1.00000e+00     1.16632e+01     7.46433e+00
       369        379     1.00000e+00     1.16628e+01     7.69175e+00
       370        380     1.00000e+00     1.16623e+01     8.39350e+00
       371        381     1.00000e+00     1.16617e+01     1.29571e+01
       372        382     1.00000e+00     1.16609e+01     8.18335e+00
       373        383     1.00000e+00     1.16605e+01     7.02461e+00
       374        384     1.00000e+00     1.16599e+01     8.19743e+00
       375        385     1.00000e+00     1.16594e+01     8.81436e+00
       376        386     1.00000e+00     1.16589e+01     1.18875e+01
       377        387     1.00000e+00     1.16583e+01     6.94774e+00
       378        388     1.00000e+00     1.16579e+01     5.94743e+00
       379        389     1.00000e+00     1.16576e+01     6.76871e+00
       380        390     1.00000e+00     1.16570e+01     9.58286e+00
       381        391     1.00000e+00     1.16564e+01     8.52251e+00
       382        392     1.00000e+00     1.16559e+01     7.34167e+00
       383        393     1.00000e+00     1.16553e+01     8.27937e+00
       384        394     1.00000e+00     1.16549e+01     9.27004e+00
       385        395     1.00000e+00     1.16543e+01     7.44046e+00
       386        396     1.00000e+00     1.16538e+01     7.40610e+00
       387        397     1.00000e+00     1.16534e+01     7.22857e+00
       388        398     1.00000e+00     1.16529e+01     8.25498e+00
       389        399     1.00000e+00     1.16520e+01     9.28150e+00
       390        401     3.76059e-01     1.16516e+01     9.66886e+00
       391        402     1.00000e+00     1.16511e+01     6.17188e+00
       392        403     1.00000e+00     1.16507e+01     5.03538e+00
       393        404     1.00000e+00     1.16505e+01     6.25751e+00
       394        405     1.00000e+00     1.16500e+01     8.06795e+00
       395        406     1.00000e+00     1.16493e+01     1.01010e+01
       396        407     1.00000e+00     1.16486e+01     8.21360e+00
       397        408     1.00000e+00     1.16481e+01     6.72391e+00
       398        409     1.00000e+00     1.16478e+01     6.90841e+00
       399        410     1.00000e+00     1.16474e+01     7.20749e+00
       400        411     1.00000e+00     1.16469e+01     8.00947e+00
Exceeded Maximum Number of Iterations

ans =

      314584           1


ans =

      314584           1



ans =

     5   200


ans =

         200       15298

 Iteration   FunEvals     Step Length    Function Val        Opt Cond

ans =

     5   200


ans =

         200       15298


ans =

     5   200


ans =

         200       15298

         1          3     6.30786e-01     1.33516e+00     1.33175e+01

ans =

     5   200


ans =

         200       15298

         2          4     1.00000e+00     4.98354e-01     4.90470e+00

ans =

     5   200


ans =

         200       15298

         3          5     1.00000e+00     3.51144e-01     3.58399e+00

ans =

     5   200


ans =

         200       15298

         4          6     1.00000e+00     2.63524e-01     1.59503e+00

ans =

     5   200


ans =

         200       15298

         5          7     1.00000e+00     2.09683e-01     9.06609e-01

ans =

     5   200


ans =

         200       15298

         6          8     1.00000e+00     1.69594e-01     8.15404e-01

ans =

     5   200


ans =

         200       15298

         7          9     1.00000e+00     1.45826e-01     1.01004e+00

ans =

     5   200


ans =

         200       15298

         8         10     1.00000e+00     1.28794e-01     4.92701e-01

ans =

     5   200


ans =

         200       15298

         9         11     1.00000e+00     1.18583e-01     2.74628e-01

ans =

     5   200


ans =

         200       15298

        10         12     1.00000e+00     1.12163e-01     2.89257e-01

ans =

     5   200


ans =

         200       15298

        11         13     1.00000e+00     1.03377e-01     2.59891e-01

ans =

     5   200


ans =

         200       15298

        12         14     1.00000e+00     8.97481e-02     2.23405e-01

ans =

     5   200


ans =

         200       15298

        13         15     1.00000e+00     8.48220e-02     2.88576e-01

ans =

     5   200


ans =

         200       15298

        14         16     1.00000e+00     8.04417e-02     1.13946e-01

ans =

     5   200


ans =

         200       15298

        15         17     1.00000e+00     7.92353e-02     9.71958e-02

ans =

     5   200


ans =

         200       15298

        16         18     1.00000e+00     7.74881e-02     1.04226e-01

ans =

     5   200


ans =

         200       15298

        17         19     1.00000e+00     7.54280e-02     7.38103e-02

ans =

     5   200


ans =

         200       15298

        18         20     1.00000e+00     7.34526e-02     7.42712e-02

ans =

     5   200


ans =

         200       15298

        19         21     1.00000e+00     7.27635e-02     9.96302e-02

ans =

     5   200


ans =

         200       15298

        20         22     1.00000e+00     7.23191e-02     4.84710e-02

ans =

     5   200


ans =

         200       15298

        21         23     1.00000e+00     7.20543e-02     3.30441e-02

ans =

     5   200


ans =

         200       15298

        22         24     1.00000e+00     7.17643e-02     3.78472e-02

ans =

     5   200


ans =

         200       15298

        23         25     1.00000e+00     7.14304e-02     4.05287e-02

ans =

     5   200


ans =

         200       15298

        24         26     1.00000e+00     7.10106e-02     3.08755e-02

ans =

     5   200


ans =

         200       15298

        25         27     1.00000e+00     7.07653e-02     2.61385e-02

ans =

     5   200


ans =

         200       15298

        26         28     1.00000e+00     7.07094e-02     4.76633e-02

ans =

     5   200


ans =

         200       15298

        27         29     1.00000e+00     7.06358e-02     1.92323e-02

ans =

     5   200


ans =

         200       15298

        28         30     1.00000e+00     7.06132e-02     1.30361e-02

ans =

     5   200


ans =

         200       15298

        29         31     1.00000e+00     7.05817e-02     1.29345e-02

ans =

     5   200


ans =

         200       15298

        30         32     1.00000e+00     7.05490e-02     1.46039e-02

ans =

     5   200


ans =

         200       15298

        31         33     1.00000e+00     7.05053e-02     1.46160e-02

ans =

     5   200


ans =

         200       15298

        32         34     1.00000e+00     7.04698e-02     1.10486e-02

ans =

     5   200


ans =

         200       15298

        33         35     1.00000e+00     7.04494e-02     9.82848e-03

ans =

     5   200


ans =

         200       15298

        34         36     1.00000e+00     7.04364e-02     6.00301e-03

ans =

     5   200


ans =

         200       15298

        35         37     1.00000e+00     7.04290e-02     4.71124e-03

ans =

     5   200


ans =

         200       15298

        36         38     1.00000e+00     7.04218e-02     4.22654e-03

ans =

     5   200


ans =

         200       15298

        37         39     1.00000e+00     7.04171e-02     4.25931e-03

ans =

     5   200


ans =

         200       15298

        38         40     1.00000e+00     7.04131e-02     3.72127e-03

ans =

     5   200


ans =

         200       15298

        39         41     1.00000e+00     7.04105e-02     2.09786e-03

ans =

     5   200


ans =

         200       15298

        40         42     1.00000e+00     7.04092e-02     1.75089e-03

ans =

     5   200


ans =

         200       15298

        41         43     1.00000e+00     7.04080e-02     1.90001e-03

ans =

     5   200


ans =

         200       15298

        42         44     1.00000e+00     7.04068e-02     1.66763e-03

ans =

     5   200


ans =

         200       15298

        43         45     1.00000e+00     7.04061e-02     2.35260e-03

ans =

     5   200


ans =

         200       15298

        44         46     1.00000e+00     7.04056e-02     7.37973e-04

ans =

     5   200


ans =

         200       15298

        45         47     1.00000e+00     7.04054e-02     5.82444e-04

ans =

     5   200


ans =

         200       15298

        46         48     1.00000e+00     7.04052e-02     4.55546e-04

ans =

     5   200


ans =

         200       15298

        47         49     1.00000e+00     7.04051e-02     4.97014e-04

ans =

     5   200


ans =

         200       15298

        48         50     1.00000e+00     7.04050e-02     4.78678e-04

ans =

     5   200


ans =

         200       15298

        49         51     1.00000e+00     7.04050e-02     2.35999e-04

ans =

     5   200


ans =

         200       15298

        50         52     1.00000e+00     7.04049e-02     1.91586e-04

ans =

     5   200


ans =

         200       15298

        51         53     1.00000e+00     7.04049e-02     1.73923e-04

ans =

     5   200


ans =

         200       15298

        52         54     1.00000e+00     7.04049e-02     1.70157e-04

ans =

     5   200


ans =

         200       15298


ans =

     5   200


ans =

         200       15298

        53         56     3.35034e-01     7.04049e-02     1.16858e-04

ans =

     5   200


ans =

         200       15298

        54         57     1.00000e+00     7.04049e-02     6.76132e-05

ans =

     5   200


ans =

         200       15298

        55         58     1.00000e+00     7.04049e-02     6.43049e-05

ans =

     5   200


ans =

         200       15298

        56         59     1.00000e+00     7.04049e-02     6.36020e-05

ans =

     5   200


ans =

         200       15298

        57         60     1.00000e+00     7.04049e-02     9.82764e-05

ans =

     5   200


ans =

         200       15298

        58         61     1.00000e+00     7.04049e-02     2.89370e-05
Directional Derivative below TolX
Test Accuracy: 98.293895%
>> 
>> 